,Outcome (Y),Treatment (T)
0,-0.40057989082657497,0.0
1,-1.2523678801954945,0.0
2,1.814476389777984,1.0
3,0.2922331951748078,0.0
4,-1.2685549229035467,0.0
5,2.469443533387263,1.0
6,2.1642507921784078,0.0
7,2.940362235030563,1.0
8,3.395551563819409,1.0
9,2.370094713104647,1.0
10,3.7247516706532813,1.0
11,-0.7640965831792693,0.0
12,1.8875014781195145,1.0
13,2.4129031094657902,1.0
14,1.4598022918681153,1.0
15,0.0025390188941447514,0.0
16,0.7848913728045075,0.0
17,1.7217175632422748,0.0
18,1.2929469774506712,0.0
19,-0.1056559953726226,1.0
20,0.9205388930010183,1.0
21,1.2503593004855302,0.0
22,0.128652113431112,0.0
23,1.2634660175117678,0.0
24,0.5416403897637787,0.0
25,-1.2134764595199206,0.0
26,2.4933854093356365,1.0
27,1.2528583064952494,0.0
28,1.2819173469553093,0.0
29,1.8573692272232372,1.0
30,0.6815231704845279,1.0
31,-0.16748818295648377,0.0
32,0.6013926155671654,1.0
33,4.091523588393711,1.0
34,1.0642007309841761,0.0
35,-0.07496891309332132,0.0
36,2.521095673685182,1.0
37,0.6148814111441709,1.0
38,0.2638148774106037,1.0
39,-0.3405066309389988,0.0
40,0.7069790163450822,0.0
41,-0.5576839454993167,0.0
42,-0.09631797321969238,1.0
43,2.218171851277062,1.0
44,-0.7293884215911248,0.0
45,1.6254701238925278,1.0
46,1.995713161464729,1.0
47,0.5581987580138914,1.0
48,-1.0119596649201479,0.0
49,1.817241370770954,1.0
50,3.365375005159895,1.0
51,1.0232420112939908,1.0
52,1.2919929046852694,1.0
53,0.4466145354864867,0.0
54,0.1502029742997697,1.0
55,1.449370234613437,0.0
56,-0.5800482729406944,0.0
57,-0.48665255498927695,0.0
58,2.250208863277027,1.0
59,1.3570791101502542,1.0
60,2.8282058535620984,1.0
61,-0.4761833010659699,0.0
62,-1.0128015000384036,0.0
63,-0.33037490575559464,0.0
64,0.9469099540464674,1.0
65,1.731235118687044,1.0
66,3.042476466181278,1.0
67,-0.505354634305303,0.0
68,0.5381370947979818,0.0
69,-0.01549055146253897,1.0
70,3.265069372527703,1.0
71,-0.8565721698369133,0.0
72,0.5541180933720136,0.0
73,2.6306553694097152,1.0
74,1.4451888117382672,1.0
75,2.7623667603355777,1.0
76,2.3609571514428813,1.0
77,2.4925057868222935,1.0
78,1.1670146267616357,1.0
79,1.6405049949066126,0.0
80,0.23280447320831113,0.0
81,0.6755751605092085,0.0
82,3.6830042379519745,1.0
83,1.2300613832531047,1.0
84,-1.3362871366752698,0.0
85,1.6588002907063817,1.0
86,-0.43029395730386977,0.0
87,0.2680384565444713,0.0
88,0.704661269655044,1.0
89,0.8190186379515871,0.0
90,1.4842989265749011,1.0
91,2.6755593514243556,1.0
92,1.596076674164356,1.0
93,-0.4405995489455955,0.0
94,-1.385870591625096,0.0
95,1.816032898421529,1.0
96,0.3255919549416376,0.0
97,-0.49734127031162,0.0
98,2.5724826148821154,1.0
99,-1.2106564232016779,0.0
100,-0.03197819222031278,0.0
101,-0.10543017091518349,0.0
102,1.6876532705607532,1.0
103,0.6233623167281026,0.0
104,-0.03706352678460656,0.0
105,0.5367321211711905,0.0
106,1.4315311939322732,0.0
107,0.20269499064637125,0.0
108,1.0318986858688508,0.0
109,3.38777054686234,1.0
110,-0.5650288631823719,0.0
111,1.3468601176529809,1.0
112,0.4677493152428717,0.0
113,2.846988265364427,1.0
114,1.770428712556009,1.0
115,1.3722649509261473,0.0
116,2.157990316347368,1.0
117,1.705583765721247,1.0
118,0.9477100368465772,1.0
119,0.5287160360575663,0.0
120,1.165730515887383,1.0
121,-0.9182007966412051,0.0
122,3.938506628982414,1.0
123,0.14128098505951003,1.0
124,1.7249991946177787,1.0
125,2.539813757642549,1.0
126,-0.04713327699424661,0.0
127,0.12811863038912108,0.0
128,-0.09658382521082697,0.0
129,-0.8338813946259374,0.0
130,0.5467097772058477,0.0
131,-0.3710152169476405,0.0
132,1.1638456851466688,0.0
133,2.1276837929488996,1.0
134,2.298365084998142,1.0
135,-1.8613952877112359,0.0
136,-0.18956267237404503,0.0
137,2.706417051247285,1.0
138,-0.7042427084372515,0.0
139,1.7371048577575359,1.0
140,2.1229678567855377,1.0
141,-0.29742076698695064,0.0
142,1.8423693503006109,1.0
143,0.8465655640712603,0.0
144,1.9722687238333632,0.0
145,0.10493016011811233,0.0
146,2.609434149097841,1.0
147,2.971200588195722,1.0
148,0.23986181108902532,0.0
149,2.4117528614962382,1.0
150,-0.17820628569200403,0.0
151,3.5003159134118995,1.0
152,-0.668583658914706,0.0
153,-1.2914245398955708,0.0
154,0.7853014649479908,1.0
155,4.262374873833423,1.0
156,-1.1862661522834497,0.0
157,0.6636828476247891,0.0
158,-0.9357807748571799,0.0
159,1.5124805545566689,1.0
160,1.9943103914956308,1.0
161,4.07698006241389,1.0
162,0.030565241997634173,0.0
163,2.497695978307354,1.0
164,1.6444848846850113,0.0
165,0.4434887667116716,0.0
166,1.4668679648094702,1.0
167,-0.3469069129989226,0.0
168,0.688617855660939,1.0
169,-1.0138756199537675,0.0
170,-0.475148044435576,1.0
171,1.076114683076631,0.0
172,-1.2566985324720055,0.0
173,0.5031253987968768,0.0
174,0.6892638215546492,0.0
175,0.6227944832755662,0.0
176,-0.7688610334538785,0.0
177,-0.32406427213756295,0.0
178,1.6309577314000567,1.0
179,-0.9574522947354644,0.0
180,0.7817937890810442,1.0
181,2.25926776640298,1.0
182,1.654684684076182,0.0
183,0.5534892958935226,0.0
184,2.67694815749562,1.0
185,2.146527072207313,0.0
186,-0.579170194752886,0.0
187,4.350764341339963,1.0
188,1.9349632235377023,1.0
189,0.5146440107436095,0.0
190,0.49450415697130806,0.0
191,1.888648131178067,1.0
192,0.14738355394358837,1.0
193,1.7256997976067305,1.0
194,-0.5464762017628352,0.0
195,3.00689442084944,1.0
196,1.7848930576902686,1.0
197,3.1616926047430445,1.0
198,2.9154421644442166,1.0
199,1.9473968469551781,1.0
200,1.2405949661519207,1.0
201,-0.232101061061712,0.0
202,-0.07971833727329258,1.0
203,0.2857561034517496,0.0
204,-0.6836409528204318,0.0
205,1.4218654037531284,0.0
206,0.869090332007244,0.0
207,0.3450526548893691,1.0
208,2.233624562004692,1.0
209,-2.4850424108397133,0.0
210,0.966184876498341,0.0
211,0.39431387040220933,0.0
212,-1.0150235667328753,0.0
213,-0.4442266845606268,0.0
214,0.728619409898182,0.0
215,-0.35586144822896126,0.0
216,0.17809397262171628,0.0
217,-0.830089067075184,0.0
218,2.6701734469167544,1.0
219,1.9436853671653473,1.0
220,2.9777384837264615,1.0
221,0.6881494714699001,1.0
222,2.1206181533382353,1.0
223,0.6961182746710982,0.0
224,1.1471141510996246,0.0
225,-0.08864575699313693,0.0
226,0.988439830422306,0.0
227,-0.7104378747413773,1.0
228,1.487069073990547,0.0
229,1.5381559094569812,0.0
230,2.683400765735665,1.0
231,1.432470884898662,0.0
232,1.915980790280798,1.0
233,1.1355307866471915,1.0
234,-0.3127652327702054,0.0
235,2.8971211349212,1.0
236,2.128347848590251,1.0
237,-2.2178333115419075,0.0
238,-1.9550254534809537,0.0
239,-0.19338269329673044,0.0
240,0.385683515642442,0.0
241,1.748670124331992,1.0
242,0.3657307871128388,0.0
243,-1.9579633585374647,0.0
244,0.5232052836589292,1.0
245,1.4127140398282785,0.0
246,0.15099171553134744,0.0
247,0.3977135648166706,0.0
248,-0.2962877610683542,0.0
249,-0.4491265352683404,0.0
250,0.5320319778822462,1.0
251,2.110113793275992,1.0
252,-1.873401213035903,0.0
253,0.5050210299569161,0.0
254,-0.9535346445859516,0.0
255,0.5122539094655083,0.0
256,0.8956527995231621,0.0
257,-0.22724457002729706,0.0
258,-0.8440159473132011,0.0
259,0.5961692741768012,0.0
260,3.573394305110872,1.0
261,-0.34976815558812735,0.0
262,2.9611029857726328,1.0
263,-0.5936214437040546,0.0
264,1.283490526199309,0.0
265,2.0239501790488754,1.0
266,2.474157958871873,1.0
267,3.5240924746346947,1.0
268,0.4409903435033731,0.0
269,-0.04993493381160185,0.0
270,1.5233425333376567,0.0
271,-0.051808239170422016,0.0
272,-0.667959840511788,0.0
273,2.1753293700257315,1.0
274,0.5728708183835043,0.0
275,0.3102584098267089,0.0
276,2.2465859040839895,1.0
277,-0.4569723045207499,1.0
278,-0.4766336287957025,0.0
279,0.7872705113499907,1.0
280,0.8848130489261632,1.0
281,-0.7657885164921433,0.0
282,0.39020899090747485,0.0
283,-0.38949313760989235,0.0
284,3.2164370032819862,1.0
285,2.5079904074671395,1.0
286,2.941625726649329,1.0
287,-1.823686727753815,0.0
288,0.44001750440016557,0.0
289,-1.8996338709560137,0.0
290,0.8159287544797598,1.0
291,0.40352221970729646,0.0
292,2.1031935175805034,1.0
293,0.09055655655476637,0.0
294,1.7582730251687866,1.0
295,0.9054258440252707,1.0
296,1.3527370289948788,0.0
297,0.3373571645862618,0.0
298,0.37929235867996997,0.0
299,3.3145892842954057,1.0
300,2.261622975118248,1.0
301,-1.0307423200438857,0.0
302,1.2344678267275624,1.0
303,3.0427011976922005,1.0
304,-1.4803469690298856,0.0
305,1.4361707855677057,1.0
306,2.0063156729688125,1.0
307,0.8856570428904103,0.0
308,-0.7704732684927265,0.0
309,3.25791072516877,1.0
310,0.42275537312460726,0.0
311,2.5322967834469576,1.0
312,-0.7560583172040595,0.0
313,1.438761831180026,1.0
314,-1.1704077462685982,0.0
315,2.558372611929259,1.0
316,1.1957166650373763,0.0
317,1.2871815988127144,1.0
318,1.6384751250962064,1.0
319,1.0764069037953838,0.0
320,1.4758357796842356,0.0
321,-0.7575494596634342,0.0
322,1.1733263643476233,0.0
323,0.31734811815202785,0.0
324,2.8809669350243623,1.0
325,1.2084329395830613,1.0
326,2.3892939480783353,0.0
327,1.6340870469861521,1.0
328,0.39258263096024204,1.0
329,0.28719974399512144,0.0
330,0.444531421732116,0.0
331,1.2208437959952345,1.0
332,1.7463080705238936,0.0
333,2.655228206823929,1.0
334,1.7831951784947329,1.0
335,0.6804653659891011,0.0
336,1.306934660660306,1.0
337,0.5347070865676848,1.0
338,2.261524802659244,1.0
339,-0.06535625805802346,0.0
340,3.6259493412657418,1.0
341,3.9770581141206063,1.0
342,3.194671122846119,1.0
343,-0.8628347827262502,0.0
344,2.483198931191087,1.0
345,0.5191938981374408,0.0
346,2.8270517317628285,1.0
347,0.26532388137853524,1.0
348,1.0726807998717902,1.0
349,0.4616321486856159,0.0
350,1.7236075130177562,1.0
351,0.5878700405682711,0.0
352,2.7548718129783927,1.0
353,2.2473365056834513,1.0
354,2.733785539027153,1.0
355,2.5861077583240606,1.0
356,0.0014425031569993594,0.0
357,1.2914685937144958,0.0
358,0.34615327488171943,0.0
359,-0.10631658269584768,0.0
360,-0.2946092951452547,0.0
361,0.8310229514069667,0.0
362,0.7066628082723717,0.0
363,0.6759819017117689,0.0
364,-0.41289193422245773,0.0
365,2.1751556893808393,1.0
366,-0.13090684562912352,0.0
367,-0.007877806762508039,0.0
368,3.446171197850634,1.0
369,1.430671602269281,1.0
370,-0.5778375655486397,0.0
371,2.2112259971932784,1.0
372,0.8473868234234816,0.0
373,2.6069194594475316,1.0
374,0.6450965375149618,0.0
375,-0.7865878156902163,0.0
376,-1.1673313380792667,0.0
377,0.4799450654678805,1.0
378,2.21220403992934,1.0
379,2.555699439510888,1.0
380,1.6452602370831042,1.0
381,2.4593087694812032,0.0
382,2.9355330065031406,1.0
383,2.2482945740095315,1.0
384,-0.48052731327614695,0.0
385,-1.6672615401265414,0.0
386,-0.32798862507499355,0.0
387,1.3630484369412321,1.0
388,-0.08681422497225294,0.0
389,-0.652529746310905,0.0
390,-0.6415984424075952,0.0
391,1.3184774214367487,0.0
392,2.1237226933388578,1.0
393,-0.29903202243069327,0.0
394,-0.3147659295920504,0.0
395,2.540555337606601,1.0
396,2.2635140803896614,1.0
397,2.79909084994458,1.0
398,-0.919770507842614,0.0
399,2.872447342176649,1.0
400,2.2992565038103647,1.0
401,2.082482701308863,1.0
402,2.101599928665813,1.0
403,1.7226665044349254,1.0
404,-1.463345852994208,0.0
405,0.15088772664148847,0.0
406,0.09403347809718277,1.0
407,-0.04298361557999112,0.0
408,-0.41253457443239855,0.0
409,3.5853553101322664,1.0
410,-0.7543759569037951,0.0
411,2.2280923190310014,1.0
412,2.663159264417759,1.0
413,1.4155460202895331,0.0
414,-0.6484846491066262,0.0
415,2.5111445979546216,1.0
416,1.1203031006701192,0.0
417,-0.9755401845467951,0.0
418,3.960550935096874,1.0
419,1.9330971769071206,0.0
420,3.281084082713684,1.0
421,2.1276837842335845,0.0
422,2.7082195706769294,1.0
423,0.7878273898589159,1.0
424,0.5044281002517139,1.0
425,1.2229697283824126,1.0
426,2.2947554527758776,1.0
427,-0.9191135085659755,0.0
428,1.012419938655756,0.0
429,0.546343122600073,1.0
430,1.3506422348419675,0.0
431,-0.7906710536188482,0.0
432,2.09155636368992,1.0
433,3.515394151965375,1.0
434,2.533250235210605,1.0
435,-0.09715638312604294,0.0
436,2.1481811462151654,1.0
437,-0.5119397269128683,0.0
438,2.5727143284147496,1.0
439,2.8814155765103617,1.0
440,1.8587293688527602,1.0
441,1.1184073394620557,0.0
442,1.963286720040702,1.0
443,0.16214253541104168,0.0
444,0.7889984858223078,0.0
445,1.9079010417363922,1.0
446,-0.13220099084169096,0.0
447,1.823510015646177,1.0
448,-0.0693705667556313,0.0
449,1.161181346702414,0.0
450,1.7129917832300878,1.0
451,0.7691989203457775,0.0
452,-1.1980891038412929,0.0
453,3.5937495135771442,1.0
454,0.9605057006408446,0.0
455,3.6223792716717247,1.0
456,1.7762363679590043,1.0
457,2.1769478717345345,1.0
458,1.385679006482423,0.0
459,-2.0714516347845655,0.0
460,1.5793015603772271,1.0
461,0.012978410269506968,1.0
462,-0.05012879531039282,0.0
463,-0.6152024486248138,0.0
464,1.8586702131976611,1.0
465,-0.4629887165172121,0.0
466,1.723577619340135,1.0
467,2.457908048448519,1.0
468,0.18161329232124168,1.0
469,3.4097193174053393,1.0
470,-0.29614046064647925,0.0
471,1.9797129243490836,1.0
472,3.1063054572498725,1.0
473,1.5402637229991232,1.0
474,1.1887488197678977,0.0
475,0.8870008942294401,0.0
476,-0.0651685242228015,0.0
477,2.2925847159616373,1.0
478,2.0614736933569286,1.0
479,3.251130006183426,1.0
480,-0.949113748300254,0.0
481,1.9789836902563065,1.0
482,1.4254461635857187,1.0
483,1.9837889198333805,1.0
484,1.8055696747996715,1.0
485,-1.2585713461308585,0.0
486,-0.8722455400850045,0.0
487,-0.11804267174385413,0.0
488,1.4578126908519375,1.0
489,4.067916730726457,1.0
490,-0.13674217108086462,0.0
491,0.6014204412913252,0.0
492,1.6892866440986136,1.0
493,0.16172592947394865,0.0
494,0.0001766462753025392,0.0
495,-0.14851680505552245,0.0
496,0.32075876295926786,0.0
497,1.9669712086257078,1.0
498,-0.22817418683771074,0.0
499,3.038227128138029,1.0
500,-1.0454127672257834,0.0
501,1.9487502273347217,0.0
502,-0.03793584906966613,0.0
503,3.7844621382454293,1.0
504,-0.24201698913723269,0.0
505,1.9962737465936327,1.0
506,-0.09132151826335623,0.0
507,-1.2060290829882971,0.0
508,1.8099759162582738,1.0
509,2.7505568881924516,1.0
510,1.1874071218145112,1.0
511,-0.35108792590474663,0.0
512,1.3280347353260482,0.0
513,0.6323306723485512,0.0
514,1.3827253648842863,1.0
515,1.9988794465303317,1.0
516,1.772129728258009,0.0
517,-0.1385846943326136,0.0
518,-0.19541881097255523,0.0
519,0.32193075547592964,1.0
520,1.2171546858744862,0.0
521,0.5111854921776281,0.0
522,1.5651086057521926,1.0
523,0.4439074677889869,0.0
524,4.030742973177102,1.0
525,-0.9982725451222095,0.0
526,1.755682914873272,0.0
527,1.7001582706054421,1.0
528,1.7055450953133575,0.0
529,0.9263493379161134,0.0
530,-0.7685300520223258,0.0
531,-1.1460995165171781,0.0
532,1.2713240220641442,1.0
533,3.1899396787544587,1.0
534,2.7873384165810426,1.0
535,0.5237359493607182,0.0
536,0.12581413093400418,0.0
537,1.615724264389636,1.0
538,0.541347092398089,0.0
539,1.8580635997834916,0.0
540,0.355904586898333,0.0
541,-1.790873325854573,0.0
542,0.7601217494150756,0.0
543,1.3143766172932643,1.0
544,0.5043100085750639,0.0
545,0.8864163341066363,0.0
546,0.28321470293690343,0.0
547,0.43713443604058727,0.0
548,2.287343266558748,1.0
549,3.3122450761837396,1.0
550,2.3270771128640213,1.0
551,0.5576260163309508,1.0
552,-1.3892014603046772,0.0
553,3.0676461330619125,1.0
554,-0.7950289800643436,0.0
555,0.720141433629959,1.0
556,2.0339672402138507,1.0
557,0.003235349675750898,1.0
558,0.04029488792522318,0.0
559,0.3740865552304967,0.0
560,1.67769479480639,1.0
561,2.544162699192927,1.0
562,2.0930095567559133,1.0
563,0.4362377171092661,0.0
564,-0.356372069975328,0.0
565,2.4552156921324766,1.0
566,-0.21910308478200555,0.0
567,0.3310975705496178,0.0
568,2.0942871573614457,1.0
569,1.6117860821587926,1.0
570,2.80968638817644,1.0
571,0.803301087870606,1.0
572,2.8497117157343688,1.0
573,3.4139576516160792,1.0
574,2.9594222209217502,1.0
575,2.2473483203532605,1.0
576,3.1881268392812707,1.0
577,1.8901830492853524,1.0
578,-1.3985157029745128,0.0
579,2.1508635800226314,1.0
580,4.182339733202113,1.0
581,1.5857601964740753,0.0
582,-0.8442636162280643,0.0
583,3.0333790194016963,1.0
584,2.8931072856835476,1.0
585,-1.5579316269852395,0.0
586,2.2524911406519097,1.0
587,2.42198287758992,1.0
588,-1.5755820777608636,0.0
589,-1.1960781153165059,0.0
590,0.7711169720937951,0.0
591,0.3551957245368314,0.0
592,3.0751978709303773,0.0
593,-0.3601285444484478,0.0
594,0.18230080490231892,1.0
595,2.4833594890220945,1.0
596,1.3835518440487844,1.0
597,-0.11058871824808951,0.0
598,1.5536631883958019,1.0
599,0.6941333842913215,1.0
600,0.2957095826335277,0.0
601,0.7112187674068138,0.0
602,-1.4377635923021321,1.0
603,1.5980714530735942,1.0
604,3.4349594921172315,1.0
605,-0.08809364371516366,0.0
606,1.4400479928560213,1.0
607,1.8689972326558582,1.0
608,1.1789836404624896,1.0
609,0.45170877073885984,1.0
610,0.6209043917387969,0.0
611,0.10326313019798102,0.0
612,0.053420802280016555,0.0
613,1.4418909274416714,0.0
614,2.4260291845580433,1.0
615,-0.0446144000660322,0.0
616,1.113772385179162,1.0
617,-0.2533440431353985,0.0
618,-0.14780961391296996,0.0
619,2.713183097580463,1.0
620,0.6404656031146736,0.0
621,0.2980700766582535,0.0
622,2.7993394962917497,1.0
623,2.187953185755564,1.0
624,1.1862319109000816,0.0
625,-1.360502508679496,0.0
626,0.2761921631285307,1.0
627,1.0826188083336061,1.0
628,2.6060961389722217,1.0
629,0.4467935807641423,0.0
630,2.077684299339081,1.0
631,2.7200087521289857,1.0
632,-0.11364074999076627,0.0
633,1.4763346662412689,0.0
634,2.521766588273135,1.0
635,0.9010517488757288,1.0
636,0.0926475307441039,0.0
637,-1.6024104710262839,0.0
638,1.9909031983428807,1.0
639,2.4068304898076915,1.0
640,1.2181143858512982,1.0
641,1.5846817389285404,1.0
642,-0.07982705593599175,0.0
643,2.725641299396434,1.0
644,-0.11492295007089523,0.0
645,1.1004958355762728,0.0
646,1.064546767838794,0.0
647,1.4117908681672393,1.0
648,-0.2032406361466753,0.0
649,1.0588262207077959,0.0
650,0.010051634833504734,0.0
651,0.9957121310312749,1.0
652,-0.27057964725199923,1.0
653,1.6425920246082018,1.0
654,4.746367910434355,1.0
655,1.6399869169262016,1.0
656,-1.1808943626256163,0.0
657,1.5096748342500708,0.0
658,-0.38386040462186444,0.0
659,1.3788559111002618,1.0
660,1.327556530743069,0.0
661,2.0887339051852445,1.0
662,0.6332176331005823,1.0
663,-0.7406621540160684,0.0
664,1.1824552469415452,0.0
665,1.5657068175035553,1.0
666,0.8010116259253601,0.0
667,1.5273514974171283,0.0
668,2.6499723514726528,1.0
669,2.69798639754684,1.0
670,-0.24391002307563142,0.0
671,1.4255370424806817,1.0
672,0.07272004045206323,0.0
673,2.8885741858473564,1.0
674,1.6887812814842613,1.0
675,0.6111441035448468,1.0
676,-0.5555267058527827,0.0
677,2.956636199873913,1.0
678,0.02571957059365671,0.0
679,0.978890476127514,0.0
680,2.14841851981955,1.0
681,2.4878798530182586,1.0
682,1.2562378350662944,1.0
683,-1.2300772391990173,0.0
684,0.4230370641613809,0.0
685,1.176121080507397,1.0
686,1.0341921661924012,1.0
687,1.9015566824462153,0.0
688,-0.4793706436975733,1.0
689,1.9210542594220983,1.0
690,2.2041170210488206,1.0
691,1.1320496874516908,1.0
692,-1.5601623995899876,0.0
693,1.3893793580347737,0.0
694,3.826372499553055,1.0
695,1.11608890932133,1.0
696,2.5374546424997653,1.0
697,2.7745229440158434,1.0
698,-0.332971603835468,0.0
699,2.7157852320919043,1.0
700,0.8516783053599979,1.0
701,-0.7929327580471359,0.0
702,2.9953369820652824,1.0
703,1.7953626600328303,1.0
704,2.4294645563875115,1.0
705,1.9547211465205434,0.0
706,1.8660892043902484,1.0
707,-0.07486340084940434,0.0
708,1.456712121184213,1.0
709,1.7787062983279385,1.0
710,2.1075952297248626,1.0
711,1.0088386799447866,0.0
712,2.409704878196732,1.0
713,0.3879474708845116,0.0
714,-0.6275780438028078,0.0
715,0.6378959267652702,1.0
716,0.5952255589013732,0.0
717,1.4018498785863578,0.0
718,1.2333834801225012,1.0
719,4.050674542328698,1.0
720,2.1419971510640203,1.0
721,1.5550495481783426,1.0
722,1.257547279502457,1.0
723,3.2214304915577774,1.0
724,1.2461190191280995,1.0
725,-0.8366109953804185,0.0
726,2.967859458175394,1.0
727,0.04839757918516541,1.0
728,-0.8664799514583079,0.0
729,-1.274731710386692,0.0
730,3.2430998104032174,1.0
731,3.1048609955488464,1.0
732,1.5420675105933501,1.0
733,0.8935737792594898,0.0
734,-0.7843603527103329,0.0
735,0.1750529353694446,0.0
736,1.269977919811998,1.0
737,1.6818679589840828,1.0
738,0.44224293457465125,1.0
739,2.406856646954756,1.0
740,2.2143929722937146,1.0
741,1.6264408321838257,0.0
742,-0.5184364556538154,0.0
743,2.0401755885341566,1.0
744,0.2925670173130873,0.0
745,0.505465765965605,0.0
746,1.4261425615459302,0.0
747,1.833646250314839,1.0
748,2.752450150002451,1.0
749,0.01199581192746117,0.0
750,-1.3670069148886932,0.0
751,-0.8389745128455808,0.0
752,-0.8373023218390839,0.0
753,1.084862862520915,1.0
754,1.986552051765337,1.0
755,2.0521832666799837,1.0
756,0.13903085078700173,1.0
757,-2.381526369907108,0.0
758,2.7573788080646127,1.0
759,1.0869097813822548,0.0
760,2.7487731424205184,1.0
761,0.3132296311198395,0.0
762,-0.8237145544781271,0.0
763,-1.8654748135681367,0.0
764,2.229488764107342,1.0
765,2.3244738933404747,1.0
766,1.5220811530999991,1.0
767,2.535557942725209,1.0
768,1.971343241778514,1.0
769,0.006176757289529158,0.0
770,-0.29763327776066073,0.0
771,1.272700396700433,1.0
772,2.580396719868494,1.0
773,0.6932804639813634,0.0
774,2.7435782430795315,1.0
775,-0.9489940841181166,0.0
776,1.2828355443582917,1.0
777,-0.927944629657644,0.0
778,0.6982525730537683,0.0
779,0.5275584320588642,1.0
780,0.6358270081747528,1.0
781,-1.7145822904261012,0.0
782,1.8110558346787529,0.0
783,0.3459133573933051,0.0
784,-0.762196031655893,0.0
785,2.5128670522567567,1.0
786,2.396171385851966,1.0
787,1.7349147495693729,1.0
788,0.6031352053269792,0.0
789,1.1261358541761821,1.0
790,1.2883555111101836,1.0
791,-0.14101133206557104,0.0
792,-0.43301792377646664,0.0
793,2.9428666326606203,1.0
794,0.45536360489405103,1.0
795,1.3957944953988335,1.0
796,3.8865786483065925,1.0
797,1.4656948125336937,1.0
798,-0.08241271647538603,0.0
799,2.0116409050988935,0.0
800,1.6231235526097076,0.0
801,1.9235615205419831,0.0
802,4.286458439732394,1.0
803,2.463004210842782,1.0
804,2.4271058498732874,1.0
805,2.066304153152936,1.0
806,0.6684404754735392,0.0
807,-1.1241300963928549,0.0
808,0.9622323513759854,1.0
809,-1.9093488372275709,0.0
810,-0.24440524544962033,0.0
811,1.3601004366709621,1.0
812,0.18489302336894747,0.0
813,-1.7197208837967943,0.0
814,1.7295195495788978,0.0
815,3.022620635284847,1.0
816,2.055801066027635,0.0
817,4.1872339449646745,1.0
818,1.9566694584267492,1.0
819,0.6993019006388524,0.0
820,-0.49798958303967117,0.0
821,2.618032128891267,1.0
822,3.8723335884830803,1.0
823,2.1993961983072614,1.0
824,0.5470458287006141,1.0
825,2.5441990134377104,1.0
826,0.2854071510268789,0.0
827,1.329242301803962,0.0
828,1.8496061812970408,1.0
829,2.4151277364779284,1.0
830,0.0539196782995404,0.0
831,-1.2029232330380881,0.0
832,2.149021061737466,1.0
833,3.3762624382267443,1.0
834,0.24163303054987284,0.0
835,0.4282700123960227,0.0
836,3.304779231934336,1.0
837,-0.24860040601735395,0.0
838,1.8282060298038745,1.0
839,1.674419093412658,1.0
840,2.9931003363300186,1.0
841,-0.6929955632158262,1.0
842,0.3864677752859661,0.0
843,1.8271098536070267,1.0
844,-0.9524369580267283,0.0
845,0.06890860977069158,0.0
846,2.5672537119440486,1.0
847,-0.19407138562640447,0.0
848,1.303581629924906,1.0
849,3.1536526988567006,1.0
850,-1.2178983349109693,0.0
851,1.0213965265014315,1.0
852,0.6033887555247519,0.0
853,2.9069298076350822,1.0
854,0.384456052123803,0.0
855,-0.15634851017872942,0.0
856,0.1783991228725253,0.0
857,2.457012196296341,1.0
858,-1.2272600336015356,0.0
859,-0.4906307939737634,0.0
860,2.1731053869216868,1.0
861,3.153263990466753,1.0
862,0.8650167838804486,1.0
863,0.5441002024847325,0.0
864,0.22725774216337927,0.0
865,-2.219479787379642,0.0
866,2.2621187620414287,1.0
867,1.2291982703734852,1.0
868,0.2660394910260402,1.0
869,1.0226040839591395,0.0
870,1.0798956066016983,0.0
871,0.4138818394482625,0.0
872,-0.22420070415490123,1.0
873,3.5887252909277176,1.0
874,-0.6269290849576782,0.0
875,0.038482573217334864,0.0
876,2.346862904886674,1.0
877,0.8839477701366156,1.0
878,2.693701888383844,1.0
879,0.7313796363161378,1.0
880,0.9397294872637315,0.0
881,0.6175407080556099,1.0
882,0.17159347812786607,0.0
883,2.5745817666092043,1.0
884,0.9657215799245105,0.0
885,1.7691137991800112,1.0
886,-0.32021401766648605,0.0
887,0.9637667384575057,1.0
888,0.8493280364501827,0.0
889,0.7690374956183585,1.0
890,2.3063571149431086,1.0
891,0.44157868128495315,1.0
892,1.0943017295596367,1.0
893,0.9209092608995686,0.0
894,1.678424882053996,0.0
895,2.69348899718013,1.0
896,1.6973493823952435,1.0
897,1.4655428475490686,0.0
898,2.1588417578670533,1.0
899,0.03714979494029343,0.0
900,2.389005213195702,1.0
901,-0.03053308901063621,0.0
902,-0.13425623605591486,0.0
903,2.2506965514783577,1.0
904,-1.0688633652549753,0.0
905,-1.0655018274875812,0.0
906,1.5619511254687177,1.0
907,0.03929096587519898,1.0
908,3.244537249122428,1.0
909,1.1669256926986922,1.0
910,-0.8695359994223729,0.0
911,1.2952347949557441,1.0
912,-0.37737781323912795,0.0
913,2.0755443837522254,1.0
914,-0.0792813302281625,0.0
915,2.5710724291669003,1.0
916,0.2780561738076684,0.0
917,1.581838156746794,1.0
918,3.3095538240743627,1.0
919,-0.5380774593685362,0.0
920,-0.13738687115486514,0.0
921,-0.8887337019905891,0.0
922,-0.30409792153393994,0.0
923,1.620820296174768,0.0
924,-0.31992649559920205,0.0
925,2.5485884650530735,1.0
926,0.2139988396754209,0.0
927,0.9163487469981322,1.0
928,1.9934740552583234,1.0
929,0.30926344656454086,0.0
930,-1.2814132269096794,0.0
931,3.598032617731784,1.0
932,-0.6747434211055376,0.0
933,2.2818831694920565,1.0
934,2.4414924603846933,1.0
935,2.1658069860723996,0.0
936,1.8934739220179202,1.0
937,-0.6764460173512838,0.0
938,-0.025296655887340206,0.0
939,-0.1746247067329176,0.0
940,-0.5688748689783936,0.0
941,2.5889814956106134,0.0
942,0.2212142956807293,0.0
943,2.4373579384076365,1.0
944,2.7196510605877644,1.0
945,-1.1827104457696862,0.0
946,2.791828906163368,1.0
947,3.179391020180492,1.0
948,0.6023347507778196,0.0
949,-1.759752072371036,0.0
950,1.3631849432018628,1.0
951,0.3720269857474525,1.0
952,-0.2485491736147165,0.0
953,1.1222408688083783,0.0
954,1.2730228635341212,1.0
955,1.236936989377577,0.0
956,3.8099667033289184,1.0
957,2.264114499498148,1.0
958,2.681225082213769,1.0
959,-0.10422084620281039,0.0
960,0.22577663370375153,0.0
961,-0.8211577630769701,0.0
962,-0.8356624548357384,0.0
963,1.3502989134668726,1.0
964,0.8639942595280237,0.0
965,3.640008964073764,1.0
966,2.2454375747394955,1.0
967,2.929954256099186,1.0
968,3.832247383298074,1.0
969,0.9204655975479084,1.0
970,1.2925897872365892,1.0
971,2.3319752598818346,1.0
972,-0.5018892831328116,0.0
973,-1.209143791163655,0.0
974,-0.7910375611556348,0.0
975,-0.8899665214818828,0.0
976,0.0316995226233819,0.0
977,-1.0818190273077763,0.0
978,2.804062850324767,1.0
979,-2.0237359996850546,0.0
980,-0.07096286552991199,0.0
981,-0.1268733555256992,0.0
982,2.9019028069187365,1.0
983,2.000720756587719,1.0
984,-0.4573200016602433,0.0
985,0.0507323236383558,0.0
986,-0.4177534229981818,0.0
987,-0.1650974635006334,0.0
988,2.024381647782645,1.0
989,-1.7005300328437172,0.0
990,0.4157101232394955,1.0
991,1.6214324786330832,1.0
992,2.8025475677962604,1.0
993,-1.482548704651468,0.0
994,2.5100218557292764,1.0
995,1.4556062167194277,1.0
996,2.009766231155974,1.0
997,-1.4295580645301982,0.0
998,1.8014333186365188,1.0
999,0.7772918279455117,0.0
