,Outcome (Y),Treatment (T),In Between Variable (Z)
0,1.7533074822698351,0.0,0.0
1,1.5956261457314365,0.0,0.0
2,0.2554561552015249,0.0,0.0
3,3.81052438410409,1.0,1.0
4,5.282569644910517,1.0,1.0
5,0.15162602230210975,1.0,0.0
6,2.238881874361515,1.0,1.0
7,-0.022488355006661236,0.0,0.0
8,0.8336557651018254,0.0,0.0
9,0.5472023836084436,1.0,0.0
10,1.537152292981927,0.0,0.0
11,1.742354732760027,1.0,1.0
12,3.6967856187157184,1.0,1.0
13,1.1085579008617379,1.0,0.0
14,0.430347983329119,0.0,0.0
15,0.14332581589628246,1.0,0.0
16,1.4659839762152995,1.0,0.0
17,3.1574087717790538,1.0,1.0
18,2.677377308562471,1.0,0.0
19,1.3560883591882762,1.0,0.0
20,-1.0572369117443812,0.0,0.0
21,0.23998973020789113,0.0,0.0
22,1.4101883255683432,1.0,0.0
23,3.044852736369179,1.0,1.0
24,1.000399823350386,1.0,0.0
25,3.907951267843771,1.0,0.0
26,2.7740207188557666,1.0,1.0
27,2.3317664312610304,0.0,0.0
28,3.2201323579456744,1.0,1.0
29,1.5856129810379544,1.0,1.0
30,-0.20267035827728413,0.0,0.0
31,1.3509934799971584,1.0,0.0
32,0.6809017240839312,0.0,0.0
33,0.27620066455578285,0.0,0.0
34,2.5270932059441438,1.0,0.0
35,1.9757249807415236,1.0,1.0
36,2.3434023653977483,1.0,0.0
37,3.395130144606909,1.0,0.0
38,-0.22865841623684552,0.0,0.0
39,3.7187216043666877,1.0,1.0
40,2.1468710757755276,1.0,0.0
41,3.3756874221354654,1.0,0.0
42,0.6718859595651316,0.0,0.0
43,2.4475472832052376,1.0,0.0
44,1.8585946213021427,1.0,0.0
45,1.260371522853232,1.0,0.0
46,2.931600334063426,1.0,1.0
47,2.1989583477164496,1.0,1.0
48,1.1389015453462648,1.0,0.0
49,1.1700018297364914,1.0,0.0
50,2.251527293430818,1.0,0.0
51,3.7848530961555493,1.0,1.0
52,3.2511213575529294,1.0,0.0
53,2.8720747166280494,1.0,1.0
54,3.334173448659989,1.0,1.0
55,1.0726154762920856,0.0,0.0
56,1.6762433996101633,1.0,1.0
57,0.520224252624988,0.0,0.0
58,0.5324674463221205,0.0,0.0
59,2.9363275854174784,1.0,1.0
60,-0.7372754674434469,0.0,0.0
61,2.9459648931861038,1.0,0.0
62,0.3108890193804752,1.0,0.0
63,2.681959188755406,1.0,1.0
64,1.1804165011520336,1.0,0.0
65,2.0209891207718176,1.0,1.0
66,2.3911029340457723,1.0,0.0
67,2.4755935651026943,1.0,1.0
68,-0.46181667794570336,0.0,0.0
69,3.3901311444138074,1.0,0.0
70,0.426468288547432,1.0,0.0
71,2.8017484616714796,1.0,0.0
72,-0.23830435015824047,0.0,0.0
73,1.8606143776671675,1.0,1.0
74,0.9513012412564492,0.0,0.0
75,-0.7806641960354399,0.0,0.0
76,-0.3296258707450061,0.0,0.0
77,2.3303009883832333,1.0,1.0
78,3.7535337178029016,1.0,1.0
79,-1.0162776634136934,0.0,0.0
80,1.8206456143373573,1.0,0.0
81,-1.5547987666230823,0.0,0.0
82,-0.47308479207953047,0.0,0.0
83,2.1592466117496296,1.0,1.0
84,0.844760432582897,1.0,0.0
85,-1.3189730587624466,0.0,0.0
86,2.638954284429407,1.0,1.0
87,-0.7565370624948364,0.0,0.0
88,-0.3828387291530076,0.0,0.0
89,0.5780099437960575,1.0,0.0
90,3.7242658616377726,1.0,1.0
91,1.3242978020750469,0.0,0.0
92,0.9744120656660094,0.0,0.0
93,1.273225632205482,0.0,0.0
94,0.9105891922802445,1.0,0.0
95,4.710356966804158,1.0,1.0
96,-0.43990554469902315,0.0,0.0
97,0.8023902253391753,0.0,0.0
98,3.433452646844314,1.0,0.0
99,0.8765287287196383,0.0,0.0
100,3.229912988430683,1.0,1.0
101,1.7836889414234613,0.0,0.0
102,1.0357399991276557,0.0,0.0
103,0.30321839735670286,1.0,0.0
104,1.9790961054683016,1.0,0.0
105,-0.32079121779448244,0.0,0.0
106,0.2745803264208476,0.0,0.0
107,1.036350714574705,0.0,0.0
108,0.8435218064457106,1.0,1.0
109,-2.25572870190821,0.0,0.0
110,-0.3606748878173321,0.0,0.0
111,1.953848978082397,0.0,0.0
112,3.7142869923697264,1.0,1.0
113,-0.23601036960773064,0.0,0.0
114,0.6095133428763713,0.0,0.0
115,2.571442536987868,1.0,0.0
116,1.1164777958541747,1.0,0.0
117,3.0290571659233025,1.0,1.0
118,1.826897088785246,1.0,0.0
119,2.8016735761407263,1.0,0.0
120,-2.5096902208309793,0.0,0.0
121,1.729330898084699,1.0,1.0
122,1.3196448015881133,1.0,0.0
123,0.9764505432580532,1.0,0.0
124,-1.6158101566501435,0.0,0.0
125,1.0300337588244715,0.0,0.0
126,3.0600467088879606,1.0,0.0
127,3.9990657139914725,1.0,1.0
128,2.5476203048637305,1.0,1.0
129,-0.9578500828300844,0.0,0.0
130,0.6351328428222693,0.0,0.0
131,2.9939706372161314,1.0,1.0
132,3.2401899880746097,1.0,0.0
133,-0.8487322399377624,0.0,0.0
134,2.0383864441247805,1.0,1.0
135,1.213523379639387,0.0,0.0
136,1.6189450359361242,1.0,0.0
137,0.3617643697935857,0.0,0.0
138,0.9334037460261393,0.0,0.0
139,-0.4293897142643485,0.0,0.0
140,2.2592000292531127,1.0,0.0
141,-0.83486331515879,0.0,0.0
142,-0.4827982297252268,0.0,0.0
143,2.695547051393932,1.0,1.0
144,-1.364303398771281,0.0,0.0
145,3.257546643062984,1.0,1.0
146,-0.2609452765576035,0.0,0.0
147,-0.6448929440380908,0.0,0.0
148,3.2178598013295896,1.0,1.0
149,-0.08709997983013278,0.0,0.0
150,-0.17583969797874516,0.0,0.0
151,1.1941539239627326,0.0,0.0
152,1.9733093197303233,1.0,1.0
153,2.191574080879755,0.0,0.0
154,0.3014541567986879,1.0,0.0
155,1.2497035763136193,1.0,0.0
156,2.6522855829698346,1.0,1.0
157,2.65303681502009,1.0,1.0
158,0.8369507662328082,0.0,0.0
159,0.5566891206287836,0.0,0.0
160,-2.8370309478083255,0.0,0.0
161,0.788233551662552,1.0,0.0
162,0.6664087612391598,0.0,0.0
163,-0.4966147726524255,0.0,0.0
164,3.381543836620751,1.0,1.0
165,3.901355352921932,1.0,1.0
166,-1.898955701469549,0.0,0.0
167,1.00071331235208,0.0,0.0
168,1.977571577113696,1.0,1.0
169,3.7052437662035365,1.0,0.0
170,3.324481917808922,1.0,1.0
171,3.656222371114203,1.0,1.0
172,4.5731456712436405,1.0,1.0
173,0.7825370174157147,0.0,0.0
174,1.3423264146743112,1.0,0.0
175,0.9374370021547703,0.0,0.0
176,1.4514726772340198,1.0,0.0
177,-0.2870032336071273,0.0,0.0
178,4.283099494675562,1.0,0.0
179,1.8084181518232938,1.0,1.0
180,-1.6331984593768696,0.0,0.0
181,1.8925185777486107,0.0,0.0
182,-0.9838786281009299,0.0,0.0
183,1.8284571347550207,1.0,0.0
184,2.1949918382892717,1.0,0.0
185,-0.5722448776368064,0.0,0.0
186,0.36108789090184823,1.0,0.0
187,4.620055262753705,1.0,1.0
188,3.6745923896447574,1.0,1.0
189,3.7638802546848025,1.0,1.0
190,0.6583533964625494,0.0,0.0
191,2.52347226447012,1.0,1.0
192,0.35570365843705015,0.0,0.0
193,0.4407448692507953,0.0,0.0
194,3.9461195494169274,1.0,1.0
195,-0.29648633941902336,0.0,0.0
196,1.8585333667436927,0.0,0.0
197,0.795089941444383,1.0,0.0
198,-0.05074711654981127,0.0,0.0
199,0.45437287029932266,0.0,0.0
200,3.5840395631082624,1.0,1.0
201,2.626716460491524,1.0,0.0
202,1.3447296788563163,0.0,0.0
203,1.898899654210967,1.0,1.0
204,-0.012754267796613292,0.0,0.0
205,1.4893034459978558,0.0,0.0
206,2.0015869741378634,1.0,0.0
207,4.20830358905283,1.0,1.0
208,-0.47998323932675097,0.0,0.0
209,4.06122892746353,1.0,1.0
210,1.101856338804254,1.0,1.0
211,-0.13353554513914068,0.0,0.0
212,0.927215096791231,0.0,0.0
213,1.2780213191847838,1.0,0.0
214,-0.03986753455213439,0.0,0.0
215,1.8805314147517223,1.0,0.0
216,1.484041181380556,1.0,1.0
217,2.518409284343158,0.0,0.0
218,-1.5569221239159314,0.0,0.0
219,2.1618446787702315,1.0,1.0
220,3.8362750925438336,1.0,0.0
221,3.903761403388362,1.0,0.0
222,-2.3732278081308897,0.0,0.0
223,3.120456484711072,1.0,1.0
224,-1.0179340016595717,0.0,0.0
225,-1.4541910547596002,0.0,0.0
226,2.385159102826687,1.0,0.0
227,-0.874729905158608,0.0,0.0
228,0.9338438579190858,0.0,0.0
229,1.5771222030057712,1.0,1.0
230,1.8599195529417623,1.0,0.0
231,1.7148721693090412,0.0,0.0
232,1.4614075449952943,1.0,0.0
233,1.0737905918882547,0.0,0.0
234,-0.8592432431534806,0.0,0.0
235,0.5211408335841008,1.0,0.0
236,0.6408320464920668,0.0,0.0
237,1.8939858122308344,1.0,0.0
238,0.25697152604127405,0.0,0.0
239,1.6084009535482362,1.0,1.0
240,2.1736680137687934,1.0,1.0
241,-1.350161705813502,0.0,0.0
242,2.0052773002684012,1.0,0.0
243,0.7575646499144189,1.0,0.0
244,1.322967532406095,0.0,0.0
245,1.4834324176805271,1.0,1.0
246,-0.3858603008973077,0.0,0.0
247,-0.4202564113473254,0.0,0.0
248,-1.8697521669503527,0.0,0.0
249,2.5027253169182058,1.0,1.0
250,-0.059825697305498166,0.0,0.0
251,2.7082706952780984,1.0,1.0
252,1.215051838397676,1.0,0.0
253,1.0585239151238757,0.0,0.0
254,-0.9810613874605278,0.0,0.0
255,-0.635802111927818,0.0,0.0
256,1.576872724796054,1.0,0.0
257,1.929014936853836,1.0,0.0
258,0.8514954375798942,1.0,0.0
259,2.811589471282939,1.0,1.0
260,-0.3593824694023059,0.0,0.0
261,3.0700948832971084,1.0,1.0
262,3.862031890671784,1.0,1.0
263,-0.4185963933077217,0.0,0.0
264,1.8953372887742772,0.0,0.0
265,1.6821355200906092,1.0,0.0
266,-0.33097324257281063,0.0,0.0
267,0.0029235747765723797,0.0,0.0
268,-0.8748632936637231,0.0,0.0
269,2.1786464526896703,1.0,1.0
270,2.4610190094614754,1.0,0.0
271,0.1430486707524188,0.0,0.0
272,1.7567040801393834,0.0,0.0
273,2.9576583415315447,1.0,1.0
274,-0.3990449972298103,0.0,0.0
275,-0.11696042035354631,0.0,0.0
276,0.43675771890680837,1.0,0.0
277,2.664230297483501,1.0,1.0
278,2.057195884476774,0.0,0.0
279,1.449291362950013,0.0,0.0
280,3.328671237357822,1.0,1.0
281,-0.49794774385678275,0.0,0.0
282,3.6649852589762166,1.0,1.0
283,2.7041794792383635,1.0,1.0
284,-1.188813651779876,0.0,0.0
285,-0.27203126966227764,0.0,0.0
286,1.1891107194296313,1.0,0.0
287,1.7277133603465344,1.0,0.0
288,2.805869604475214,1.0,1.0
289,0.8966535802599466,0.0,0.0
290,3.4074216962496013,1.0,1.0
291,0.3665461106644003,0.0,0.0
292,2.973957989441564,1.0,1.0
293,0.8785020996055981,1.0,0.0
294,3.0244378828533915,1.0,1.0
295,1.713062345975153,1.0,0.0
296,-1.3244904424878299,0.0,0.0
297,1.180415980247225,1.0,0.0
298,-0.7805008221537085,0.0,0.0
299,-0.0908900398598971,0.0,0.0
300,0.30048898062499696,0.0,0.0
301,0.4325551048870845,0.0,0.0
302,1.6188149402741536,0.0,0.0
303,-0.41030130696481826,0.0,0.0
304,1.6890868855253407,1.0,0.0
305,-0.9879716088943524,0.0,0.0
306,-0.3545790545574968,0.0,0.0
307,0.7280207011194355,0.0,0.0
308,1.8895291055927372,1.0,0.0
309,-0.5470816823230665,0.0,0.0
310,3.4747097610663475,1.0,1.0
311,1.1332109098908711,1.0,0.0
312,0.7249982462895369,0.0,0.0
313,2.329953009456264,1.0,0.0
314,0.28334143781035176,0.0,0.0
315,3.3214467946896926,1.0,0.0
316,1.1201119556050472,1.0,0.0
317,-0.7909313523223022,0.0,0.0
318,-0.1529713510185028,0.0,0.0
319,2.976992849706142,1.0,0.0
320,1.3901070447577772,1.0,0.0
321,4.518569857254967,1.0,0.0
322,-0.4279102709718546,0.0,0.0
323,0.2891054977935201,0.0,0.0
324,2.771785218689925,1.0,0.0
325,-0.6019631044702689,0.0,0.0
326,-1.6575866139975721,0.0,0.0
327,-1.2377697116575201,0.0,0.0
328,0.7894566601897657,0.0,0.0
329,0.5071355147598391,0.0,0.0
330,3.4754242430462248,1.0,1.0
331,-1.118720839064682,0.0,0.0
332,1.5612970812563296,1.0,1.0
333,-0.9519795837046604,0.0,0.0
334,-0.20427773969830557,0.0,0.0
335,4.503527352236089,1.0,0.0
336,2.7701540122176374,1.0,1.0
337,2.130996564829041,0.0,0.0
338,-1.1123398174212835,0.0,0.0
339,0.23415291248421152,0.0,0.0
340,1.3313025973481498,1.0,0.0
341,0.10834229308052859,0.0,0.0
342,3.1513512704334095,1.0,1.0
343,1.7550014523355577,1.0,1.0
344,3.1617629343050564,1.0,1.0
345,-2.100471557202655,0.0,0.0
346,2.0979917774118224,1.0,0.0
347,1.7093254284094823,1.0,1.0
348,0.922007989332529,0.0,0.0
349,0.8496316958903083,0.0,0.0
350,-0.5109261587976301,0.0,0.0
351,2.1753559830467664,1.0,1.0
352,-3.6196531271064636,0.0,0.0
353,1.0513466277150947,1.0,0.0
354,1.4443788681170344,0.0,0.0
355,4.665417256035131,1.0,1.0
356,0.18356845062791027,1.0,0.0
357,1.06330509696789,0.0,0.0
358,2.303597804754159,1.0,0.0
359,-0.8419163635616144,0.0,0.0
360,2.4712069058230615,1.0,0.0
361,3.674526194219481,1.0,1.0
362,3.447633479421249,1.0,0.0
363,4.493098560816172,1.0,1.0
364,-0.5903162901153162,0.0,0.0
365,-1.509834944826099,0.0,0.0
366,2.765671341673115,1.0,0.0
367,1.6999074865817887,1.0,0.0
368,-0.9064342071719517,0.0,0.0
369,0.02341848714230791,0.0,0.0
370,0.667752472748625,0.0,0.0
371,-0.2800001370988409,0.0,0.0
372,0.7223307355441899,0.0,0.0
373,1.6641629458762606,1.0,0.0
374,-0.4354009717909488,0.0,0.0
375,0.386621091644175,0.0,0.0
376,-0.09293336634619348,0.0,0.0
377,0.8515637384629033,1.0,0.0
378,-1.1274308051493303,0.0,0.0
379,-0.782581096780296,0.0,0.0
380,-0.390022254006838,0.0,0.0
381,2.9975779785471146,1.0,1.0
382,3.283103075301558,1.0,0.0
383,3.9488295793767136,1.0,1.0
384,4.538703375454361,1.0,0.0
385,0.7724822138160956,0.0,0.0
386,3.9403080065358513,1.0,1.0
387,0.6734079297909916,0.0,0.0
388,-0.019750588541141978,0.0,0.0
389,1.9730432717827364,1.0,1.0
390,3.34930620905225,1.0,0.0
391,-0.8289735270917493,0.0,0.0
392,3.4656736408993156,1.0,0.0
393,1.724367995466277,1.0,0.0
394,2.00597784156799,1.0,0.0
395,2.566120185684042,1.0,0.0
396,0.757847715498676,0.0,0.0
397,-2.356829201229843,0.0,0.0
398,4.64227275231221,1.0,1.0
399,-1.1383984411194958,0.0,0.0
400,2.1882628522699936,1.0,0.0
401,2.0973079286279463,0.0,0.0
402,3.561520671488018,1.0,1.0
403,0.025290791449923637,0.0,0.0
404,1.459683398773513,1.0,0.0
405,-1.2027869387763812,0.0,0.0
406,1.869899840908002,1.0,0.0
407,-0.3389798738948271,0.0,0.0
408,-0.18220005157348892,0.0,0.0
409,0.09748687683112761,0.0,0.0
410,-0.22237977508020326,0.0,0.0
411,2.3685565207348,0.0,0.0
412,0.5057091876713418,0.0,0.0
413,-0.3272541489873936,0.0,0.0
414,1.8900638194308264,1.0,0.0
415,2.753278524778126,1.0,1.0
416,1.8487224523327885,1.0,0.0
417,1.7937371126659847,1.0,0.0
418,0.6556230268011132,0.0,0.0
419,2.066563991432354,0.0,0.0
420,-1.85136096264506,0.0,0.0
421,0.6939448090568798,0.0,0.0
422,0.35717729420125877,1.0,0.0
423,-0.22601012867893397,0.0,0.0
424,2.1538932446663948,1.0,0.0
425,0.13264124636593352,0.0,0.0
426,1.7708741683077325,0.0,0.0
427,-0.9134568669734,0.0,0.0
428,1.6349159373082767,1.0,0.0
429,3.541469870196641,1.0,1.0
430,0.4174106237456913,0.0,0.0
431,0.2291306044713679,1.0,0.0
432,3.0887158086889177,1.0,0.0
433,1.4887535123848141,1.0,0.0
434,2.007242860986031,1.0,0.0
435,0.903753444595023,0.0,0.0
436,0.7850629087797697,0.0,0.0
437,0.9118939024210402,1.0,0.0
438,0.2331162314690114,1.0,0.0
439,0.5472272191138464,0.0,0.0
440,1.9739559099729107,1.0,1.0
441,0.5126744845744166,0.0,0.0
442,-0.9217123814908624,0.0,0.0
443,2.852629390419504,1.0,1.0
444,0.635270337056868,0.0,0.0
445,1.514215059093802,1.0,0.0
446,-0.1667880868287634,0.0,0.0
447,4.686875638476023,1.0,1.0
448,1.5146338017792143,1.0,1.0
449,-1.1058370416860581,0.0,0.0
450,3.6124970297235217,1.0,0.0
451,3.1722053252676465,1.0,1.0
452,-0.8299943498092961,0.0,0.0
453,3.0127489237428926,1.0,1.0
454,0.42272123420676505,0.0,0.0
455,-1.7668604361845814,0.0,0.0
456,-1.6042818923459037,0.0,0.0
457,3.1073550647530257,1.0,0.0
458,2.6081034008631483,1.0,1.0
459,-0.6858831257771711,0.0,0.0
460,1.7158269905157764,1.0,0.0
461,-0.4179960098287192,0.0,0.0
462,3.466529436119133,1.0,0.0
463,4.849429726454153,1.0,1.0
464,-1.6110137394577673,0.0,0.0
465,-1.0126898292487538,0.0,0.0
466,-1.0427707649437157,0.0,0.0
467,0.7644314758731389,0.0,0.0
468,1.7633096505538288,1.0,0.0
469,2.1970755391488903,1.0,1.0
470,-1.2309625145568577,0.0,0.0
471,0.18672835813381203,0.0,0.0
472,0.18239047027986996,0.0,0.0
473,-1.6387628504652894,0.0,0.0
474,0.42148260086321176,0.0,0.0
475,0.9483004077303744,0.0,0.0
476,3.3868275008748525,1.0,1.0
477,1.5465211243340875,1.0,1.0
478,0.788742954007453,0.0,0.0
479,0.3110851243165177,0.0,0.0
480,0.8228359404091012,1.0,0.0
481,0.1825483903727382,0.0,0.0
482,0.23420674943640032,0.0,0.0
483,1.0394508685284134,0.0,0.0
484,3.1763856433434063,1.0,1.0
485,-0.683278100922566,0.0,0.0
486,-0.053167311101917435,0.0,0.0
487,1.8899241994181337,1.0,0.0
488,3.494274774864274,1.0,0.0
489,3.669161515427274,1.0,0.0
490,1.436257003584843,1.0,0.0
491,1.421690261272124,1.0,1.0
492,-1.6134146972929522,0.0,0.0
493,0.6543006446687627,1.0,0.0
494,-0.7260133167843675,0.0,0.0
495,1.4119018819672353,0.0,0.0
496,0.17486411396415502,0.0,0.0
497,2.444548122150917,1.0,0.0
498,3.2444935609452563,1.0,1.0
499,-1.600601649972771,0.0,0.0
500,2.523003099852094,1.0,0.0
501,0.07467666927132581,0.0,0.0
502,-1.0317114100352889,0.0,0.0
503,-0.6925959039060406,0.0,0.0
504,4.167590063928833,1.0,1.0
505,2.4591928891442154,1.0,0.0
506,-0.2901297254929527,1.0,0.0
507,1.4218813031933806,1.0,0.0
508,2.2215946847821906,1.0,1.0
509,2.6235199723406892,1.0,1.0
510,-1.3372731064812788,0.0,0.0
511,0.541664690562485,0.0,0.0
512,-0.3041759769102949,0.0,0.0
513,1.409136673453511,0.0,0.0
514,4.034135553992481,1.0,1.0
515,0.7714039968426121,1.0,0.0
516,1.9607573597565129,1.0,0.0
517,0.48066391205756787,0.0,0.0
518,1.875181805153017,0.0,0.0
519,-1.0879695073348217,0.0,0.0
520,4.651445556443894,1.0,1.0
521,-0.1347101236802251,0.0,0.0
522,-1.1471322063260245,0.0,0.0
523,0.806078648212418,1.0,0.0
524,-0.16871396872559272,0.0,0.0
525,4.2310937754045135,1.0,1.0
526,3.7180275593704177,1.0,0.0
527,0.19766467659397727,0.0,0.0
528,4.511418439061536,1.0,1.0
529,-1.1763789275252556,0.0,0.0
530,-0.371646209215207,0.0,0.0
531,3.2138548077227633,1.0,1.0
532,0.3784439584888968,0.0,0.0
533,1.85909358368088,1.0,1.0
534,1.2269401705018204,0.0,0.0
535,-1.1586835350692892,0.0,0.0
536,0.1633910670074009,0.0,0.0
537,-0.8802230294434017,0.0,0.0
538,0.5704918617799708,0.0,0.0
539,0.6691249590975634,0.0,0.0
540,1.4009728157754517,0.0,0.0
541,3.615392415544422,1.0,1.0
542,3.1907927413015487,1.0,1.0
543,-0.13864726798505767,0.0,0.0
544,0.9729586944124098,0.0,0.0
545,-0.1455840216770281,0.0,0.0
546,4.135084679621306,1.0,1.0
547,-1.6308991888318907,0.0,0.0
548,0.8643504410258346,0.0,0.0
549,1.8179280282651098,1.0,0.0
550,2.8569508427083985,1.0,1.0
551,4.159887418288456,1.0,1.0
552,-1.0414961109594323,0.0,0.0
553,3.4713690511359965,1.0,1.0
554,0.3187470017206135,0.0,0.0
555,-1.1935712375440584,0.0,0.0
556,2.1673425759964964,1.0,0.0
557,3.166605253688698,1.0,0.0
558,3.8784497426184465,1.0,1.0
559,-0.09153789480312638,0.0,0.0
560,-0.5652269195444701,0.0,0.0
561,-1.1891534315335854,0.0,0.0
562,-0.014596044076280231,0.0,0.0
563,1.7560695916538613,1.0,0.0
564,1.6282069590235864,0.0,0.0
565,1.9372850506264723,1.0,1.0
566,4.133104958696061,1.0,1.0
567,0.8934010066878155,1.0,0.0
568,-0.07525680867542144,0.0,0.0
569,1.68786739706482,0.0,0.0
570,-0.5012875025876533,0.0,0.0
571,0.606694365469543,0.0,0.0
572,-0.2808009575054991,0.0,0.0
573,1.7150374839852618,1.0,1.0
574,0.43224510053226944,0.0,0.0
575,3.820298010938412,1.0,1.0
576,2.7638603742113967,1.0,1.0
577,2.7648333719912563,1.0,1.0
578,1.4157902779224627,1.0,1.0
579,-1.1753986213115215,0.0,0.0
580,0.009514008071447998,0.0,0.0
581,1.5092506399963264,1.0,0.0
582,3.6455342842798903,1.0,1.0
583,-0.8748872197566273,0.0,0.0
584,0.5493950898905509,1.0,0.0
585,2.8423784457058128,1.0,0.0
586,-0.08959202837327988,0.0,0.0
587,1.8568922632650606,1.0,0.0
588,2.769798342386562,1.0,1.0
589,0.22824223662791343,0.0,0.0
590,2.437612407745509,1.0,1.0
591,1.4816674418945877,0.0,0.0
592,0.7557769863642807,1.0,0.0
593,3.6735880025124246,1.0,1.0
594,-2.6121310686372268,0.0,0.0
595,-2.3525798719380333,0.0,0.0
596,3.034981478324777,1.0,1.0
597,-2.4907878980990255,0.0,0.0
598,3.0903807949166513,1.0,1.0
599,3.733187678264699,1.0,0.0
600,-0.8256130337405024,0.0,0.0
601,1.9772044537692417,1.0,0.0
602,2.6827067342309596,1.0,1.0
603,2.8041125149428763,1.0,1.0
604,1.0920038067396172,0.0,0.0
605,-0.23613265198364333,0.0,0.0
606,0.30105332105400007,1.0,0.0
607,0.1964884650558898,0.0,0.0
608,2.8521481546374323,1.0,0.0
609,0.7264453503011685,1.0,0.0
610,2.6682457663711037,1.0,0.0
611,2.0291661163300834,1.0,1.0
612,3.100851122675207,1.0,0.0
613,0.22869090534934056,0.0,0.0
614,2.7500200024057535,1.0,1.0
615,2.132557380590341,1.0,1.0
616,1.3169872638938231,0.0,0.0
617,-0.8915974596469775,0.0,0.0
618,0.11909495584484121,0.0,0.0
619,0.6414337137997173,1.0,0.0
620,0.30324502647323104,0.0,0.0
621,1.7623029802753334,0.0,0.0
622,2.166623945697814,1.0,1.0
623,-0.3631593925182835,0.0,0.0
624,2.6590320223717683,1.0,1.0
625,1.3871827612597012,1.0,0.0
626,0.3595980314973901,1.0,0.0
627,1.9626969276979358,1.0,0.0
628,3.8266595067681695,1.0,0.0
629,0.32246219263256815,0.0,0.0
630,0.6128661233182043,0.0,0.0
631,3.9009840128930273,1.0,0.0
632,0.27346466371696415,0.0,0.0
633,1.9774038800283966,1.0,1.0
634,2.478829168858073,1.0,0.0
635,2.7309545938096296,1.0,1.0
636,2.1471767561788586,1.0,0.0
637,1.9521617836364125,1.0,1.0
638,1.7491716335052567,1.0,0.0
639,2.050932435071992,1.0,0.0
640,4.090666774720331,1.0,1.0
641,-1.1325866706862677,0.0,0.0
642,1.8094607175776554,0.0,0.0
643,-0.29018592173432584,0.0,0.0
644,-0.7488319021983493,0.0,0.0
645,3.722516001892277,1.0,0.0
646,-1.069546061297354,0.0,0.0
647,0.11891149421721957,0.0,0.0
648,1.6611714893289333,0.0,0.0
649,-0.3347675485675636,0.0,0.0
650,2.6750055642548514,0.0,0.0
651,1.6582855066299564,0.0,0.0
652,0.0885771588516757,0.0,0.0
653,-0.6380543760380027,0.0,0.0
654,2.056838818096736,1.0,0.0
655,3.9209904040931773,1.0,1.0
656,-0.44795565367258555,0.0,0.0
657,1.5834133350596247,1.0,0.0
658,3.7777868920349684,1.0,1.0
659,-0.1365545494800374,0.0,0.0
660,-0.35918750211573286,0.0,0.0
661,1.9263931240037238,1.0,0.0
662,2.239499907334219,1.0,0.0
663,0.9939464486237267,0.0,0.0
664,1.1105798946680292,0.0,0.0
665,0.2604652760424888,0.0,0.0
666,0.7740482184632089,0.0,0.0
667,0.12701356445780007,0.0,0.0
668,1.2291699820047508,1.0,0.0
669,4.723176441051245,1.0,1.0
670,3.839464157316008,1.0,1.0
671,1.5607675524901916,1.0,0.0
672,2.737959912379551,1.0,0.0
673,2.713248491606217,1.0,1.0
674,1.1343079389983637,0.0,0.0
675,0.5955685527448754,0.0,0.0
676,-0.5664000727155041,0.0,0.0
677,-0.25950569195901046,0.0,0.0
678,1.5146794920768683,0.0,0.0
679,1.9237861431275534,1.0,0.0
680,-0.9256092482583516,0.0,0.0
681,3.7145674132879507,1.0,1.0
682,2.1362694698216176,1.0,0.0
683,-0.4382748829419239,0.0,0.0
684,2.6519611573098145,1.0,0.0
685,0.19759554968589452,0.0,0.0
686,1.4263732670714027,1.0,1.0
687,2.5376694790859324,1.0,1.0
688,0.7162075729400637,1.0,1.0
689,1.7098203651596617,1.0,1.0
690,2.2289296798217575,1.0,1.0
691,-0.30394398363045166,0.0,0.0
692,1.2061390021512979,0.0,0.0
693,2.128080952349825,0.0,0.0
694,-0.7811229913982293,0.0,0.0
695,0.7760041506852564,0.0,0.0
696,-0.22556355673062842,0.0,0.0
697,0.9148011564384637,1.0,0.0
698,1.889425488407051,0.0,0.0
699,3.20936765275739,1.0,1.0
700,2.8035471014403495,1.0,1.0
701,0.5741994129307453,1.0,1.0
702,2.11034171729424,1.0,1.0
703,2.04817261317387,0.0,0.0
704,-0.4233803926195763,1.0,0.0
705,3.556489921504822,1.0,1.0
706,2.05569420588488,0.0,0.0
707,-0.6312181255069081,0.0,0.0
708,0.49858493673483606,0.0,0.0
709,3.9767701229223844,1.0,1.0
710,1.6097722316544238,1.0,1.0
711,-0.4161497797851644,0.0,0.0
712,3.2497413012610066,1.0,1.0
713,-0.9374165074798262,0.0,0.0
714,3.601861595451286,1.0,0.0
715,-1.330243429275795,0.0,0.0
716,2.7826676875230065,1.0,1.0
717,2.426867364738452,1.0,0.0
718,-0.26963699957680787,0.0,0.0
719,1.7863635357633034,1.0,0.0
720,0.9677636930302274,0.0,0.0
721,-0.9899070699504067,0.0,0.0
722,0.23049846907631238,0.0,0.0
723,2.821996358828981,1.0,1.0
724,-1.777839422809608,0.0,0.0
725,-0.912504895770062,0.0,0.0
726,-0.855606810171873,0.0,0.0
727,2.701107312464702,1.0,1.0
728,-0.06526861632150699,0.0,0.0
729,2.8243060873189276,1.0,1.0
730,4.0713978944408336,1.0,1.0
731,3.5352141212238677,1.0,1.0
732,1.488504002990671,1.0,1.0
733,1.8430502264894963,0.0,0.0
734,-0.6947353094595288,0.0,0.0
735,-0.3189497915158743,0.0,0.0
736,0.29586422841270654,0.0,0.0
737,0.5583824645153506,0.0,0.0
738,0.7211273751999102,0.0,0.0
739,1.5205805038516789,1.0,1.0
740,0.872134955306679,0.0,0.0
741,1.456773182042175,0.0,0.0
742,1.224130936188513,1.0,0.0
743,0.15352941099568557,0.0,0.0
744,3.6249778724820114,1.0,1.0
745,3.2314058205180975,1.0,1.0
746,3.055231694960454,1.0,1.0
747,-0.9998504320666732,0.0,0.0
748,-1.0424341187384896,0.0,0.0
749,0.4857994627172881,0.0,0.0
750,4.247824188520344,1.0,0.0
751,2.332294466480111,1.0,1.0
752,-0.5877303948831667,0.0,0.0
753,1.9300398719625826,1.0,1.0
754,0.09028956091420293,1.0,0.0
755,0.3189095588401206,0.0,0.0
756,2.680388006476874,1.0,1.0
757,2.4850750907336225,1.0,0.0
758,1.5327773446885944,1.0,0.0
759,-0.4209764936098388,0.0,0.0
760,2.3151029117538773,1.0,1.0
761,0.44577490367683076,0.0,0.0
762,0.1458647775893475,0.0,0.0
763,2.894731859401996,1.0,1.0
764,1.3134795601719675,1.0,0.0
765,0.06455743030657708,0.0,0.0
766,-1.5424646101734496,0.0,0.0
767,1.31421763483279,1.0,0.0
768,1.019766248983042,1.0,0.0
769,-1.7795112283527665,0.0,0.0
770,1.286117752927805,1.0,0.0
771,3.4562832194732493,1.0,0.0
772,0.7575853489390425,0.0,0.0
773,3.542103580473172,1.0,1.0
774,1.65889205230243,1.0,0.0
775,1.7282197911464812,1.0,0.0
776,1.78478485299196,1.0,1.0
777,0.4951940982855783,0.0,0.0
778,0.7107051349590942,0.0,0.0
779,3.665911520261521,1.0,1.0
780,-0.6273816068873109,0.0,0.0
781,1.4908295964647214,0.0,0.0
782,1.9361213927484038,1.0,1.0
783,2.836725221070397,1.0,0.0
784,-1.140101466160809,0.0,0.0
785,2.976572740332139,1.0,1.0
786,-0.6258981614109133,0.0,0.0
787,1.4911848323079617,1.0,0.0
788,0.2895467415795105,0.0,0.0
789,0.4505307123120674,0.0,0.0
790,3.1471080089456938,1.0,1.0
791,3.3058107955384943,1.0,1.0
792,1.1517720895383134,0.0,0.0
793,-0.3009892623406417,0.0,0.0
794,-0.3639927066941123,0.0,0.0
795,1.438892218928672,0.0,0.0
796,-0.9974533516976875,0.0,0.0
797,2.7186980260311384,0.0,0.0
798,0.5557243375781991,0.0,0.0
799,0.24645713762413832,0.0,0.0
800,3.5209492847260675,1.0,1.0
801,0.03272254248700492,0.0,0.0
802,-0.7657129100034022,0.0,0.0
803,1.1882628349661712,0.0,0.0
804,-0.02060776003218873,0.0,0.0
805,-1.5977009324871119,0.0,0.0
806,-0.9943883008471625,0.0,0.0
807,2.0030721797825652,1.0,0.0
808,2.1953436539848403,0.0,0.0
809,2.2935893097712987,1.0,1.0
810,1.5039543874379668,1.0,0.0
811,3.3112019284094494,1.0,0.0
812,1.663789175428719,0.0,0.0
813,-2.2270735464344846,0.0,0.0
814,0.7390600069845411,0.0,0.0
815,1.0542779611591717,1.0,0.0
816,-0.1637566296921326,0.0,0.0
817,0.7906050708957477,0.0,0.0
818,0.6640119377123079,1.0,0.0
819,-0.08345103404654329,0.0,0.0
820,-0.987125827022432,0.0,0.0
821,4.309103222269869,1.0,0.0
822,-3.0665882677012037,0.0,0.0
823,5.666812617237364,1.0,1.0
824,0.29324626847985585,0.0,0.0
825,0.5207574524612677,0.0,0.0
826,3.6569144632784933,1.0,1.0
827,-0.23719994667656824,0.0,0.0
828,0.6534584845817991,0.0,0.0
829,0.7212512898657324,1.0,0.0
830,-0.1315096213152653,0.0,0.0
831,-1.045474123825971,0.0,0.0
832,1.3825940449775191,1.0,0.0
833,2.7563207972424797,1.0,1.0
834,0.3006162846784567,0.0,0.0
835,-1.5620485153424466,0.0,0.0
836,-1.1284494440536526,0.0,0.0
837,3.9567105442624277,1.0,0.0
838,1.827005966983168,1.0,1.0
839,1.4641372492054339,0.0,0.0
840,2.4246006603133807,1.0,0.0
841,1.8112659768319723,1.0,0.0
842,3.65991390653802,1.0,1.0
843,4.762598541239489,1.0,0.0
844,-1.0108491860020081,0.0,0.0
845,1.520866359218883,1.0,0.0
846,0.06943957008380353,1.0,0.0
847,3.466986759879263,1.0,1.0
848,2.4580737076961903,1.0,1.0
849,2.942541655616716,1.0,1.0
850,3.414279185136394,1.0,0.0
851,-0.18216491299376103,0.0,0.0
852,0.8043829933645643,0.0,0.0
853,-0.3746457211343651,0.0,0.0
854,1.6358547857809171,0.0,0.0
855,0.008676818365838704,0.0,0.0
856,2.8170198351924305,1.0,1.0
857,0.0011631274953498583,1.0,0.0
858,1.9067780244296566,1.0,0.0
859,3.16929630871291,1.0,1.0
860,1.9078537844755046,0.0,0.0
861,2.799203466595132,1.0,1.0
862,1.8426751089398632,1.0,0.0
863,-0.8349011652153829,0.0,0.0
864,0.9641301117436081,0.0,0.0
865,1.1402475227438051,1.0,0.0
866,1.4564997978721343,0.0,0.0
867,3.4516925060699886,1.0,1.0
868,0.5782694910012813,1.0,0.0
869,3.5298336997201174,1.0,0.0
870,-0.03128680007785109,0.0,0.0
871,0.7149107800788406,1.0,0.0
872,2.690754853012049,1.0,1.0
873,-1.1997353474265862,0.0,0.0
874,1.1213555713271195,0.0,0.0
875,3.0692724539845098,1.0,0.0
876,-1.1001952192963536,0.0,0.0
877,-0.8010690243267174,0.0,0.0
878,-1.3741836704302373,0.0,0.0
879,0.8658015403009376,1.0,0.0
880,-0.13846602613730305,0.0,0.0
881,-0.41457649636442007,0.0,0.0
882,0.9579779476975901,0.0,0.0
883,-1.001089110602924,0.0,0.0
884,4.119807617221767,1.0,1.0
885,0.2717428879081505,0.0,0.0
886,0.33045618245597586,0.0,0.0
887,4.586860488344669,1.0,1.0
888,-0.7100339553337596,0.0,0.0
889,0.7879508487449988,0.0,0.0
890,3.1015048912269347,1.0,1.0
891,-0.033634650853345646,0.0,0.0
892,0.3486793879014172,0.0,0.0
893,1.3054666501859957,1.0,0.0
894,3.7586186901028236,1.0,1.0
895,4.41549074407051,1.0,0.0
896,0.7482771773961925,0.0,0.0
897,0.45479693024759277,0.0,0.0
898,1.6677504597919501,1.0,0.0
899,1.9659846536657442,1.0,0.0
900,2.7693434396139813,1.0,1.0
901,2.9274644779196337,1.0,0.0
902,3.1385324728113346,1.0,0.0
903,0.6900256279105094,0.0,0.0
904,1.1276383809479753,0.0,0.0
905,1.0440595276934883,1.0,0.0
906,-0.06666418082304583,0.0,0.0
907,-1.5439348611727175,0.0,0.0
908,-1.3554126568234413,0.0,0.0
909,4.01227531368793,1.0,1.0
910,-0.15980360239121935,0.0,0.0
911,-0.12552321658072738,0.0,0.0
912,1.168538465811605,1.0,0.0
913,-0.3721262333698994,0.0,0.0
914,0.4492101403814946,0.0,0.0
915,-0.718013483477953,0.0,0.0
916,1.362527534795474,0.0,0.0
917,-0.31432670620198844,0.0,0.0
918,2.8417331026223622,1.0,0.0
919,2.195796952130841,1.0,1.0
920,2.902470364383305,1.0,1.0
921,1.4531995538480826,1.0,0.0
922,-0.1293011485405715,0.0,0.0
923,-0.33169098785682843,0.0,0.0
924,0.5870144660582657,0.0,0.0
925,2.1808878907300366,1.0,1.0
926,1.091541173558502,1.0,0.0
927,3.0375308699006545,1.0,0.0
928,-1.4868547353666552,0.0,0.0
929,2.438913487743636,1.0,1.0
930,2.393856760871545,1.0,0.0
931,2.34662674654663,1.0,1.0
932,2.7261221180338646,1.0,0.0
933,-0.1195530573484658,0.0,0.0
934,2.805178528907367,1.0,0.0
935,0.07239668057286582,0.0,0.0
936,-0.0008018952615102191,0.0,0.0
937,0.04459659013768304,0.0,0.0
938,1.7554797286957817,1.0,0.0
939,3.3883764495462847,1.0,1.0
940,0.3728786454233942,0.0,0.0
941,1.5107392759533995,0.0,0.0
942,0.2020741459203324,0.0,0.0
943,2.0132175215832806,1.0,0.0
944,3.070626938703141,1.0,1.0
945,-1.8221741145822745,0.0,0.0
946,2.2745738577014376,1.0,0.0
947,0.4815912207747909,0.0,0.0
948,-0.96018245410651,0.0,0.0
949,-0.921837288814409,0.0,0.0
950,1.2478166647670843,0.0,0.0
951,0.15865182045876092,0.0,0.0
952,0.352759183778788,0.0,0.0
953,1.0752666649004916,1.0,0.0
954,3.927926594716307,1.0,1.0
955,5.327891178631102,1.0,1.0
956,3.0630123507103555,1.0,1.0
957,0.2501013918198318,0.0,0.0
958,3.6718499305684533,1.0,1.0
959,0.9489685122431099,0.0,0.0
960,2.4232784421835483,1.0,0.0
961,0.6956609751147494,0.0,0.0
962,-0.10845821750879936,0.0,0.0
963,4.327673817762959,1.0,1.0
964,2.4152061512077023,1.0,1.0
965,4.509666758847701,1.0,1.0
966,0.7741462868523635,0.0,0.0
967,0.38698639361908543,0.0,0.0
968,3.0467863301165186,1.0,1.0
969,2.8941195596849743,1.0,1.0
970,2.3782943960977567,1.0,0.0
971,1.2702911450021548,1.0,1.0
972,1.7938642814092516,1.0,0.0
973,2.484189759945674,1.0,1.0
974,-0.6740959224839154,0.0,0.0
975,-1.634984263811492,0.0,0.0
976,2.118894520063838,1.0,1.0
977,1.236056545195302,0.0,0.0
978,0.6488364987127331,1.0,0.0
979,1.9299354092174754,1.0,1.0
980,0.04446397450929623,0.0,0.0
981,3.9896492937624957,1.0,1.0
982,-0.14086289136592897,0.0,0.0
983,-1.483794562308511,0.0,0.0
984,1.95655361372412,1.0,0.0
985,1.5085630717208882,1.0,0.0
986,3.2132652572958254,1.0,1.0
987,1.2900355930237715,1.0,0.0
988,0.8420357159060431,0.0,0.0
989,0.07103130808193757,0.0,0.0
990,0.9718150849916778,0.0,0.0
991,2.0742308836360213,1.0,0.0
992,1.662312495729812,0.0,0.0
993,0.712671488914542,1.0,0.0
994,2.0113780168944686,1.0,1.0
995,-0.7483050193689671,0.0,0.0
996,0.0012950540701771203,0.0,0.0
997,0.2509411324772055,0.0,0.0
998,1.844219754067443,0.0,0.0
999,1.3809188673996633,0.0,0.0
