,Outcome (Y),Treatment (T),Confounder (C)
0,0.007706527653583817,0.0,1.1969460268101368
1,2.9347741076937344,1.0,0.38384345943190973
2,0.8794692909550901,1.0,-1.0492997696180062
3,-0.3741303870788578,0.0,-2.10706095833757
4,3.52559366768354,1.0,0.38153798146098766
5,0.819132561839309,1.0,-1.2660591275388184
6,-0.00811845018707169,0.0,-1.6060024096263386
7,1.2498133661196482,1.0,-1.8512505214180437
8,2.188167477758351,0.0,0.9734878566486642
9,2.2897909912447303,0.0,0.7131087703039941
10,4.135188143894494,1.0,-0.7566025883529985
11,1.8643748928770705,0.0,0.7136158981869815
12,2.560742422272029,1.0,0.017884518725638354
13,0.9600314692055213,0.0,0.383189695249622
14,0.3514775706766371,1.0,-0.5765596156653339
15,1.0874484041352053,0.0,1.018435892247823
16,1.278812234715456,1.0,0.8842605923428278
17,-2.042942216330018,0.0,-2.3560161277604137
18,2.8434047338607185,1.0,0.9902336648156036
19,-0.1774211205021088,0.0,0.21368846598406405
20,1.4877548655502353,1.0,0.7981690298855125
21,-0.19559567811068446,0.0,2.5879022012963504
22,0.3647486342095194,1.0,-0.9774028251662124
23,3.5462300034657592,1.0,-0.10424736178301382
24,1.8314980797274782,1.0,1.689513180065906
25,1.5171016568421891,1.0,1.3447174423798145
26,4.454352486002569,1.0,1.4642278484644151
27,0.422635527570591,1.0,-3.602969572897787
28,-0.4313538086758034,0.0,-0.12494263183914532
29,-1.1100320585445047,0.0,-1.1962511213185019
30,3.6306570500085407,1.0,1.6540246492834016
31,-1.8296765411775047,0.0,-1.9335292993933424
32,2.7320300567779165,1.0,0.3004561174507211
33,1.4575560915725927,1.0,-0.5960147144838674
34,2.048270622124996,1.0,-1.1054661204719072
35,1.2664544039830181,0.0,1.501438740876486
36,-1.0648090546303386,1.0,-0.7409278892838144
37,3.078175881618037,1.0,0.6414342103295947
38,1.5036520696023619,1.0,-1.3497993083802826
39,0.27233357324040475,0.0,-0.6657867290020086
40,1.4444918576084689,1.0,2.5510022390767277
41,1.3258185103881641,1.0,-0.7327025674996112
42,-3.8805557217766573,0.0,-0.9547030611305608
43,1.2562017246105082,1.0,1.4411776988260245
44,0.1274531661003356,0.0,0.4014730005236011
45,-0.18687471462416227,0.0,-1.2197592316440822
46,3.7679342313453557,1.0,1.5212814015240574
47,3.319127183437586,0.0,2.4426187242142055
48,2.4446594333219407,1.0,1.8969001559232284
49,2.8927556675229367,1.0,0.01860331932196021
50,-0.3345944756693197,0.0,-1.2872871300447861
51,0.6613926265768952,0.0,0.598459691137282
52,0.8172874406799,0.0,0.7694755672437895
53,-0.10869552040007358,0.0,0.882909304754911
54,1.6333693216946954,0.0,1.6152029589138028
55,0.2726244896605603,1.0,-1.7656757331527693
56,-1.945079790757222,0.0,-0.6564695008748321
57,1.7950342261342787,1.0,0.8806735368953807
58,-0.5314076528708853,1.0,-1.2502171735995267
59,0.7686482839312244,0.0,0.9948845770353864
60,-1.4611491154223035,0.0,-1.5253669960765128
61,-1.3363119707694782,0.0,-0.20535088768877094
62,1.7347153541033524,1.0,0.8613439210514497
63,0.6088965096069419,0.0,1.167763641037548
64,0.5427906866754348,1.0,-2.3240056130492004
65,6.595184547995484,1.0,5.704347574026446
66,0.5035628131131913,1.0,-1.3514332332033676
67,3.764241141977975,1.0,1.226272085982803
68,3.2174213291956626,1.0,-0.863806477887626
69,-0.016362108882006288,0.0,1.6992474900556769
70,-0.20007659581756498,1.0,-0.7786013155723701
71,-0.5193545476528123,1.0,-0.6751454638124255
72,-1.2998472395198357,0.0,-1.9516769408689467
73,2.350602854896695,1.0,-0.004230401758736936
74,-0.9595116189086731,0.0,-1.1449137848892768
75,0.9929548235173835,0.0,-1.0778006405012157
76,1.0298399583431928,0.0,1.2676382893927607
77,-1.2756344724976163,0.0,-1.4623698249936092
78,-0.5138469274886397,0.0,-2.9195800809149204
79,2.875842348052431,1.0,1.4086015427535303
80,0.917178163319571,0.0,1.0044151285119873
81,2.2607835389147555,1.0,1.0417533305779527
82,2.5774607666937777,1.0,-1.1598837918096598
83,1.4204173529179909,1.0,0.8099876997056118
84,-1.5086381824220803,0.0,0.18345953074767288
85,1.2710883358980538,0.0,-0.9066362446575612
86,-1.2884374100015372,0.0,-0.8063791574602583
87,0.08135407209356282,1.0,-1.224640915523847
88,3.2605068774335857,1.0,0.8648377824686898
89,1.3209445533785868,1.0,-0.7989391500677502
90,-0.5870468793637351,0.0,-1.6908555337595206
91,-1.1987119434633873,0.0,0.8225454446901805
92,1.2540853542766675,1.0,1.0755171967914086
93,-0.39739009075645326,0.0,-0.2872110066222074
94,1.3479485949474428,0.0,1.731351478779943
95,-0.4907528306535185,0.0,0.9300559787687649
96,0.997314722050509,1.0,-1.3835924349263493
97,1.2429501740484181,1.0,-3.7567146584172395
98,-0.6747068233441704,0.0,0.40714372957205475
99,-1.0344491716089186,0.0,-1.2662689123133983
100,-0.7454585641629059,1.0,-2.7345506628714973
101,-0.15401390383532265,0.0,-0.188408452325074
102,-0.2512178963417973,0.0,0.6340865360003751
103,3.602654515857081,1.0,1.7722119387621418
104,0.848430071326832,0.0,-0.05795787390646905
105,1.236647599350355,0.0,2.3981511730876606
106,1.40589877539732,1.0,-0.6254288069079619
107,-0.9946638483161644,0.0,-2.8897348208014417
108,-3.1111480422175606,0.0,-0.22160428779384833
109,1.507085116961312,1.0,-1.4263953114285686
110,2.576546934540171,1.0,-0.29467801454382564
111,-0.6840206127209245,0.0,0.45367824638258714
112,1.4574765815723638,1.0,-2.2210559196249595
113,-2.836942196735207,0.0,-0.576794768447592
114,1.0571655913604188,0.0,1.4483089100084363
115,3.2356381926612645,1.0,1.417507686530817
116,0.27550147130379354,0.0,-0.26781214393736585
117,2.8042293571430372,1.0,1.0125620183798771
118,3.6721459809934642,1.0,0.5063986340445088
119,1.2390984848665751,1.0,-2.2395501058807477
120,0.9011822681080953,1.0,-1.921181953548623
121,1.305798238029073,1.0,-0.5717914695669244
122,-0.07517799097282946,0.0,0.573621058192486
123,3.4769458469945884,1.0,2.5353859450036342
124,1.763642058621533,1.0,0.829294800889747
125,-0.17794703400245238,0.0,0.5255703908860323
126,-0.14912392242006378,0.0,-1.5568062348602731
127,3.07265147248369,1.0,1.8353886977900764
128,1.2314080420332287,1.0,-1.3716329551469724
129,-2.8637298435587955,0.0,-3.23536656313913
130,3.192637480431603,1.0,0.8237726628077401
131,2.548853570127053,1.0,0.7849209337839534
132,1.1153172898536208,1.0,-1.4423216782720727
133,0.37187998185356397,0.0,0.04886488858244667
134,-1.3789163953110837,0.0,-0.5349658827290291
135,0.7306779183213808,0.0,0.5203438799285448
136,-0.9970344130825952,0.0,-1.0964007753993554
137,2.431249547461179,1.0,1.704106126913697
138,0.33088860500739803,0.0,0.8607004960456354
139,0.47392154890792226,1.0,0.1828404813512936
140,1.1235170359537325,1.0,-2.1790253533384325
141,0.1742671923809498,0.0,1.6787953638629212
142,2.950980109096388,1.0,-1.0036896779678748
143,-0.5113921283843319,0.0,-0.6945863098962552
144,1.4522446731311016,0.0,0.6828996816458642
145,0.19459205757846984,0.0,-0.08235577284892914
146,0.7522600126780432,0.0,2.889695068202189
147,-0.5040095039203087,0.0,-0.0024239172751527563
148,0.310856265647148,0.0,1.0739388010626878
149,3.5999219398701676,1.0,0.43688980424638274
150,1.1993622119081995,0.0,1.882851360621024
151,2.3380663214999764,0.0,1.5828104096773363
152,-0.7070972324495013,0.0,-1.7200034025165138
153,1.2789405946873886,1.0,-0.9694679554118849
154,2.283403799033409,1.0,-0.17191571969600575
155,1.4042350600250044,0.0,1.1070615728588018
156,1.2215966629645296,0.0,0.967222821940071
157,0.7900672909769617,0.0,0.3954228836167396
158,2.6522716740008,1.0,0.8199006721391295
159,-0.46514244511347336,0.0,-1.1914516665948587
160,1.4128139252790914,1.0,-0.5831499937144329
161,0.749667809704504,0.0,-0.24400601762290094
162,1.0369237560068019,1.0,-1.7372448673799183
163,1.5894956224014891,0.0,0.5126702276802242
164,1.40383996450272,0.0,0.9288119632742156
165,-2.3965304642210934,0.0,-1.3488172805961662
166,0.4772164758463778,0.0,-0.14578434537042595
167,-2.839901266678443,0.0,-1.468812642787002
168,-2.2448820892987373,0.0,-1.090648376243242
169,2.2389231703472654,1.0,-0.8388027887923263
170,-1.1298355386310435,0.0,2.0459253413758165
171,1.758236019978277,1.0,2.183496820567072
172,2.593967721550256,1.0,-1.2458983932619534
173,1.7744711554278223,0.0,1.3544505564329854
174,-0.4763850813745749,0.0,0.18775223435274155
175,1.7689673533548083,1.0,-0.1755508002277162
176,-0.31956147748545743,0.0,0.22250846873897306
177,3.594665347185225,1.0,3.612757471609628
178,-1.0819957589111082,0.0,0.9420603927141504
179,1.6988600589726373,0.0,-0.4051299741461792
180,0.8201680988009296,1.0,-2.0008180362182797
181,1.9670600324782281,1.0,-0.8847249504150364
182,2.2345915337695006,1.0,1.2978603363188794
183,1.3692574303426612,1.0,-0.7373635973719275
184,3.9767988385190325,1.0,1.3750393060270651
185,1.7177354929270128,1.0,0.4736783067104416
186,0.5971699544705704,0.0,1.685752447624535
187,-0.15111730000753054,0.0,0.9402089865813812
188,-0.9128418356411517,0.0,-1.9099118172847698
189,-0.4985762236927131,0.0,-0.10505830965802848
190,-0.12450833288784746,0.0,0.5544588780993626
191,1.8492106240071091,1.0,0.2964812193323429
192,-0.00685356665464254,0.0,2.02008062589851
193,3.6745783108895465,1.0,0.6114893717130052
194,-1.628769537366801,0.0,0.1875100330528779
195,4.3411431945127195,1.0,4.671536918686175
196,-0.08707338285720967,0.0,-1.3203535867727803
197,-1.3616393282196773,0.0,-2.4131071065518626
198,1.5582534608911955,1.0,0.3526662445284647
199,3.1088529299159364,0.0,1.6884101993756013
200,-2.313132896863935,0.0,-0.6041161214007832
201,2.583927345470463,1.0,0.8411578185086012
202,2.2470488230258523,1.0,0.4155112207492782
203,1.593363539636266,1.0,-1.3759042645450545
204,-0.4069240016288069,0.0,-1.2527818950126617
205,-1.2331388966007368,0.0,-3.0905384675548158
206,1.831561084282292,1.0,-1.723996783669699
207,0.001288819173749789,0.0,1.1476160759444698
208,0.20244859053518377,1.0,-2.839337369045644
209,0.5955706643964391,1.0,-0.15108662739853193
210,2.507612279422081,1.0,0.03518535456777312
211,-1.2550891406766278,0.0,-1.2901961911199407
212,0.4490694844413029,0.0,1.531415568376938
213,1.0982921144271711,0.0,1.22956498890266
214,-1.2197997656494648,0.0,0.8861589064291282
215,4.833056076779244,1.0,2.4285923352820133
216,-2.2527640063953225,0.0,-2.66441656773307
217,4.073308440549902,1.0,1.394829245096438
218,1.9585730247366475,1.0,-0.5284389135463249
219,-2.5134768756360826,0.0,-0.6324844041953178
220,0.9149840241361475,0.0,1.2172047258662848
221,-0.005276097388759893,0.0,-0.8521793999763493
222,-0.013999537484443603,0.0,-1.2007522945597797
223,-0.704178529396228,0.0,-0.7368279109842085
224,4.2675422752341925,1.0,3.00513583816266
225,0.09169787981092103,0.0,-1.6077270510443167
226,3.102086832189177,1.0,0.3001391466254572
227,2.9995074629259264,1.0,0.5642353167024178
228,1.1580640715078976,1.0,-1.2233826300327277
229,-1.4250595035556248,0.0,-0.11747094225047411
230,-1.4624256666707673,0.0,-0.488690892915387
231,1.5550540257807217,0.0,-0.008130259712674845
232,1.9271976912881814,0.0,-1.5470697407945373
233,-0.7193738157269114,0.0,-0.036429949980497
234,0.8739377432969051,1.0,-0.8199611035123517
235,-3.786833602208861,0.0,-3.3419193101218307
236,3.017549632406915,1.0,2.2165493576277497
237,2.2874245772546518,1.0,-0.5927911807152108
238,0.2680363626323201,0.0,-1.7789734554755718
239,2.545522263605617,0.0,0.6524062336410769
240,1.3243205363019062,1.0,0.47310264852000805
241,3.3466347086512562,1.0,1.3004224507412765
242,-0.45976602596254035,0.0,0.7838361649189795
243,2.652726014562673,1.0,1.6401179844056892
244,1.9366430936034267,1.0,-0.6199308246963482
245,2.5331711263765913,1.0,1.6356210817242456
246,-1.1834170086873064,0.0,0.34018579906697677
247,1.8870768711592676,1.0,-0.6901021641744614
248,0.8913357639337637,0.0,-0.1413000284987938
249,-1.4524749467693328,0.0,0.20997952825995728
250,1.0299055358114246,1.0,0.20857675598151032
251,1.2300046211030524,0.0,2.6876973649375078
252,3.4567493982137583,1.0,1.3439046402893493
253,3.456444870141855,1.0,-0.4413526424822628
254,-0.7025236901146918,0.0,0.13552148169937647
255,-0.8377277288527258,0.0,-1.9822160968265414
256,0.059021808401676146,0.0,1.4909871190108797
257,-0.7681866672130298,0.0,-0.9916088838798898
258,2.538413447693139,1.0,-0.4105184805503405
259,-0.36209807916791376,0.0,0.19399603520348246
260,-0.37419864901184874,0.0,-1.4025137828050986
261,-0.5601838054401522,0.0,1.782359154710456
262,1.3308885454461659,1.0,0.19655711743425633
263,-0.5836661586180152,0.0,2.5397951511452876
264,2.112581371997503,1.0,0.7140301698998155
265,2.1685667543594422,1.0,-0.32091512190544297
266,1.6450691588086883,1.0,-0.2120070386907821
267,-1.8395083176526632,0.0,-1.2145918078937026
268,-0.13344432615203689,0.0,0.16602725047706818
269,1.9199544142027216,1.0,-0.6069193989963655
270,4.139541732778499,1.0,2.03551515179951
271,-0.36701374115385876,0.0,-0.8530318852394971
272,0.9408687639628662,0.0,0.7635968610771962
273,1.001240739366913,0.0,-0.920287495479211
274,2.248456194528408,1.0,0.7490499645542145
275,-0.30234718545713024,1.0,-2.6940785337226756
276,3.209804644418089,1.0,2.3974556891464496
277,1.408382038842161,1.0,-1.127210784707587
278,-0.26937354244549827,0.0,-0.8321021644976674
279,0.5892409044382841,0.0,-0.13416522253483346
280,2.8678966901578056,1.0,0.7658995488081702
281,2.4182764106551446,1.0,-1.3569824162572313
282,-1.0740158751291367,0.0,-3.0642444765867975
283,0.3233380294987357,0.0,-1.1897221850871385
284,0.9751307480096608,1.0,-0.31611408863982376
285,-1.592403110793946,0.0,-0.7453740428886041
286,0.36321870164964964,0.0,-0.8693735143902004
287,1.0375042891750288,1.0,1.1024475155400812
288,2.6873350097808233,1.0,-0.9177327662645818
289,-2.2528603565961824,0.0,-1.7160811191958658
290,0.8603932593113137,1.0,0.5615393045614591
291,3.0403710491307807,1.0,0.8760173991879124
292,-1.1968872151476708,0.0,-1.937226697373522
293,-1.1378704314434467,0.0,-1.572447563382295
294,-1.2413159785904464,0.0,0.06397615617658162
295,1.7354461595968016,1.0,-1.6899395457880282
296,-1.5960452564150387,0.0,-1.104836454983083
297,-0.02422855165825466,0.0,-1.3257347892687033
298,1.0494391631296565,1.0,-1.3543825951363198
299,1.6057760639018475,1.0,0.20816081570896527
300,-1.387287945794187,0.0,-3.085500122625729
301,-0.6608890909819252,0.0,-3.4696228076695386
302,1.13935799537964,0.0,0.7035327202641027
303,5.028417790111753,1.0,0.7327345615401105
304,0.7522161770204656,1.0,1.1841346269531317
305,-1.4885332768445834,0.0,-1.8883045048926943
306,4.323132151770693,1.0,1.0950509318753732
307,0.5919422585810776,0.0,-0.4351726590279384
308,1.8416375424676608,1.0,0.7462029783195646
309,-1.340081440686971,0.0,0.8511492639864586
310,0.835637441955172,1.0,0.07190905968840414
311,2.0602764580040054,1.0,-1.2684010311130605
312,1.1763047328522032,1.0,0.5918667933224283
313,-1.7829645134328493,0.0,-1.8300782580778165
314,2.4079220194501487,1.0,0.14013936785745632
315,-1.3427082136411403,0.0,2.250607272608365
316,1.01532292663212,0.0,2.0113029271417386
317,1.722367865794796,0.0,1.0750303790238416
318,2.3280375870305408,1.0,-0.7521037117515125
319,-1.4869535406349976,0.0,-1.809999910221744
320,2.9529480013750127,1.0,0.19704850741980795
321,1.5045445698157183,1.0,0.5617629660748806
322,1.0225928257099541,1.0,-0.738452860620426
323,-0.09831791136583456,0.0,0.3336725118149131
324,3.729946964266195,1.0,0.9519452344887944
325,2.562024199393324,1.0,-0.21792967244865213
326,2.5664147549079224,1.0,0.019862439116151834
327,2.0703902158773713,0.0,0.2397931943192879
328,2.0038219747666393,1.0,0.5412041347287811
329,0.35887353605327565,0.0,0.34304224134807754
330,1.1441353904847527,0.0,-0.2181512636636629
331,2.003420060364254,1.0,-0.4080616042419942
332,0.11954606507284349,0.0,-1.872094687915931
333,0.735475482356389,0.0,0.05679112932522865
334,-1.0206263325644782,1.0,0.3283816598397648
335,0.5311149874765122,0.0,0.21451531108243724
336,2.7809365824285903,0.0,3.1955634404203783
337,-0.5325495517269448,0.0,-1.0787765040719914
338,2.1746140930037066,0.0,0.6340225919179141
339,0.09954539605557211,0.0,-1.8125365616157572
340,-2.106777588922512,0.0,-2.8613095748891664
341,3.1805578450489254,1.0,0.038714950501065
342,3.0187099276829104,1.0,1.5474699204485636
343,2.004573075891643,0.0,2.1115579512860383
344,-1.3577854702218137,0.0,-2.195022088106525
345,2.13112061778575,1.0,1.0088109824556353
346,0.9366345733756392,0.0,-0.4935293209649885
347,3.746121158615652,1.0,3.0788596943471225
348,2.1028020690244875,1.0,0.4968052290270765
349,1.7516366601879079,1.0,1.3576690098768143
350,-0.32360905296385933,1.0,-1.909792506816553
351,1.5841663095148226,0.0,3.6945336529202666
352,-0.5968342572255015,0.0,-0.7701070602454181
353,0.14468897063231312,0.0,-1.0224990383119525
354,0.12880851616666855,0.0,-0.9784497618664842
355,2.164977191998082,0.0,1.0742783900779063
356,2.719253029456731,0.0,2.526146981833252
357,-0.9107082298293876,0.0,-1.595345194693085
358,-1.2538201535860716,0.0,-1.0582139198253038
359,1.5199892554225536,1.0,-1.7033000558411233
360,-0.9618435597846049,0.0,0.9062320560545215
361,-1.1846326236021587,0.0,0.3507858132506769
362,2.03472914830576,1.0,0.6581985707171956
363,2.374908201459149,0.0,1.425132365785096
364,1.1959125923118445,0.0,1.2507685803737727
365,-0.8225620569154043,0.0,-1.4781856294683287
366,0.9991666285787995,1.0,-2.5134795095078286
367,1.6317867061221867,0.0,1.496010382646102
368,-1.018827080307476,0.0,-0.005331827233897461
369,-0.47370900525258985,0.0,1.1794288573558191
370,1.0950036106791254,1.0,-0.3535858279127443
371,0.3289045314693604,0.0,-1.7612773634005594
372,2.481057377561006,1.0,0.004826810387333839
373,1.429027022144456,0.0,2.515042192418144
374,0.38489901588588804,1.0,-0.7727064655706926
375,2.0074598519772637,1.0,0.25488582222221917
376,-0.4060486925369975,0.0,-2.069653378223086
377,0.34685982880152816,0.0,0.3546207832644086
378,0.9516386448543386,1.0,0.1827154736502301
379,-0.14675814313323726,0.0,-0.7161651588259556
380,0.039736767294416664,1.0,-1.8634049008032727
381,0.2889838434842589,0.0,-0.9175307409636021
382,2.47994414182093,1.0,-2.008235667836923
383,-1.0563899091192246,0.0,-2.6438587279784724
384,1.7463303614707784,1.0,-0.2153677130505359
385,-0.7681125077231159,0.0,-1.165248963025235
386,-0.9159646279225837,0.0,-2.4160254059347683
387,2.3049526941744563,1.0,0.04121939958749649
388,2.042728351180364,0.0,1.4538457885952876
389,0.30635776774192613,0.0,1.5456057289269773
390,4.530536777416721,1.0,2.291631238159862
391,1.2553751417227461,1.0,0.44992855768427875
392,-1.5394044075020101,0.0,-2.1951854767259
393,0.3204327687278834,1.0,-0.9133797892174548
394,0.5863510325747732,0.0,0.2510342610445843
395,1.4157171789045269,0.0,0.6900224008059228
396,1.37939237984735,0.0,0.7518840131240923
397,1.707682087030167,0.0,-0.6115432148018607
398,-1.796423883651177,0.0,0.9111015515646037
399,0.14221985243485966,0.0,-0.380741805293047
400,0.120735498401215,1.0,-0.38357039273499516
401,-1.1995071949895515,0.0,-1.7710438362755783
402,0.45300737679586,0.0,0.24848000118104996
403,3.1282351409138984,1.0,1.4144572031951843
404,-0.5821033601606186,0.0,0.0851071364580392
405,2.018370340193811,1.0,-2.4933193354075844
406,2.4658882712135215,1.0,2.2787835190173165
407,-0.5356996152126476,0.0,-0.5644274824932659
408,0.5204996813923295,0.0,0.38848667290825256
409,0.8286736350684804,0.0,-0.22715274086343132
410,-1.7658701427810848,1.0,-2.815401409919329
411,-0.7653233414553198,1.0,-1.3805388978915583
412,3.2492340504398736,1.0,0.8643676203846175
413,0.5947736617839792,0.0,-1.2094105240882784
414,2.2380850267961354,1.0,0.4407868065784977
415,2.804937548510643,1.0,-0.04808840112380803
416,4.105519186144259,1.0,1.4313805330491287
417,2.629499112178473,1.0,1.4869943000799275
418,0.9205505631011015,0.0,-0.16023154041916238
419,3.108364877913083,1.0,0.797378571131813
420,4.138999158869144,1.0,1.9597338994661986
421,3.291703733343885,1.0,1.1569549407780277
422,-0.8644589326082424,0.0,-0.19732595475768697
423,2.4803152807118987,1.0,-0.6285788408265577
424,-0.07468720419621444,0.0,1.0661132422933965
425,1.0023283358590664,1.0,0.03836948406910521
426,0.05027267223366527,0.0,-2.038162889662437
427,0.24459076563478777,1.0,-1.994014245385696
428,1.048169884106632,0.0,-0.1897392887145897
429,3.3879394171147297,1.0,-0.6160013823231107
430,-0.06504412947970446,0.0,0.19574008876920965
431,0.25427711383843943,1.0,-2.419735264117046
432,1.5273584990320264,0.0,3.6637829162391773
433,1.5080926955772185,0.0,1.2313870235145952
434,-0.9582649774311508,0.0,-1.8125950822090031
435,1.4024184636606707,1.0,1.3425834788415287
436,1.0638727998050739,0.0,1.7586169003838399
437,3.5167498989701658,1.0,2.4026920124882527
438,1.5011063583707478,1.0,-1.344298230137667
439,1.1519059166568986,0.0,-0.596359404914539
440,0.12312669718510313,0.0,-0.2691306753317265
441,2.3574551666657,1.0,0.09552497004577729
442,1.1118804828660596,1.0,0.2587454513268411
443,1.644090582629424,1.0,2.4143154672554963
444,0.8573873870912363,0.0,-0.49466810141899203
445,-1.1986723808336586,0.0,-3.0262585249853373
446,-0.3153190261719706,0.0,0.03690266240019088
447,3.7059795061343586,1.0,0.23258607928823288
448,0.4318201280443655,1.0,-1.9515930070920873
449,-2.337457292957723,0.0,-0.6682581239398587
450,-1.1036172749831143,0.0,-1.0703307113139324
451,1.6310204687785288,0.0,1.0050167362813087
452,0.2788983893387551,1.0,-0.4280874707186178
453,1.2827928015277048,1.0,-0.5759396848208338
454,1.5582113117994985,1.0,-1.902476501776857
455,-2.68779730659086,0.0,-1.3283648352550834
456,1.0941936997674628,1.0,-1.4449748321531126
457,1.8644407712163515,1.0,-0.13948348307320885
458,5.373309973402482,1.0,1.8353191081147298
459,1.9833955188900192,0.0,1.5529960306968666
460,0.44514370773158274,0.0,1.6717033266049977
461,2.303585043676602,1.0,1.5918220495981927
462,-1.3589069433176924,0.0,0.04222814968683881
463,2.723307490369299,1.0,0.6796852413619828
464,-2.8261666800185576,0.0,-1.8388094053470176
465,1.095661042377487,1.0,-0.09581444253934485
466,0.07995737616711585,0.0,-1.420731071153568
467,-0.34831711972706275,0.0,-1.0195337790336512
468,0.6359024355001619,0.0,0.9387679678295149
469,3.691094105183339,1.0,1.6918925248669205
470,2.19235522541352,1.0,1.0879250574609904
471,2.3963361936958867,1.0,-0.20296150399914362
472,-1.7737125151247615,0.0,-2.0860615522259085
473,0.8706904831981106,0.0,-0.37318131153854883
474,2.281380514563021,1.0,2.457154826674715
475,4.8654724266562095,1.0,1.9772119795121352
476,3.4313457838989367,1.0,1.7632418339817746
477,2.681875634362454,1.0,1.9742632445955424
478,2.7334509531809017,1.0,2.080987022223327
479,0.4604712796815623,0.0,-1.1057868448578259
480,-2.4995459773977493,0.0,-1.585654025430534
481,0.6473152110468487,1.0,-1.6059654230660005
482,1.320832151905822,1.0,-0.7432627177272769
483,2.42349829250656,1.0,2.119606299882182
484,1.8723625050584676,1.0,-0.8314652249037872
485,0.5808280247976076,0.0,-2.009539271258739
486,1.002351564681131,1.0,-1.8881563457919524
487,1.9319360617627697,0.0,-0.3411015159655195
488,1.4510216416086958,0.0,1.3148142325245968
489,4.72541484038773,1.0,0.21920769024428352
490,0.6888310787143193,0.0,-0.482963089292992
491,2.246981635583561,1.0,-2.463672625520229
492,2.6834922407627975,1.0,-0.24446305702037316
493,4.4746694133727045,1.0,3.548400853837071
494,0.6400123913282778,0.0,0.27823075010499854
495,-1.4762210463463297,0.0,-0.3746171627574886
496,-0.702105356503709,0.0,-0.4479669352010927
497,0.0941984570093124,0.0,2.8305079673612314
498,2.447875092507801,1.0,-0.40000272139023196
499,1.7167136362889197,1.0,2.419248450283643
500,2.028665090851283,1.0,0.011920159527574513
501,1.7174579003765682,1.0,-0.9186357741423867
502,2.251659234869715,1.0,0.8068056825688008
503,0.8109209856491624,1.0,-3.4036365902738908
504,-0.3052212874722582,1.0,-2.5543398298206297
505,0.026217651701515465,1.0,-2.3010860940969926
506,4.167409918244188,1.0,1.8517968422293731
507,2.7572035875815444,1.0,-1.459613532289351
508,2.1570216596338825,1.0,-0.6054934731495097
509,1.7236609766313695,1.0,1.2504643723637574
510,-1.06670504087791,0.0,-0.6110939950318276
511,0.046166808234361145,1.0,-1.5352432577675073
512,-2.045627777526589,0.0,-1.3760668270695684
513,2.205652038779884,1.0,-0.26229107422303166
514,2.98424472094645,1.0,1.7374515276127254
515,-0.8978095952863661,0.0,-1.020688547726211
516,0.4287518074619504,0.0,-0.2115910590214337
517,1.0871748314524718,1.0,-1.335703024347083
518,1.3285958291440951,0.0,1.636150366158107
519,-1.178190940599467,0.0,0.23057071259170397
520,3.4444084685087,1.0,-0.7801511382326677
521,1.3838454083386453,1.0,0.02724451138759144
522,0.6413754514130524,1.0,-1.7460734140550174
523,0.1463688494018971,0.0,-0.5897852553619359
524,0.5143682436554287,1.0,-0.18258680946115316
525,-1.802715103196537,0.0,-2.177462354592522
526,2.8470665996481075,1.0,1.4147380266456056
527,1.0833165352719065,0.0,1.1441463123376772
528,0.4030858803098324,1.0,-1.1094489909438583
529,3.487891773796246,1.0,0.9158138183823933
530,-0.8642675483884786,0.0,-0.18034274556013696
531,-0.056759662373492836,0.0,0.14095930712161078
532,1.632859373227965,1.0,-0.9413711531911688
533,0.6330521781402831,1.0,-0.4554886691207344
534,4.255622544532989,1.0,1.8492992880485573
535,1.6802610254771224,0.0,-0.36942930137427865
536,0.7941249899495384,0.0,0.0707457859048987
537,-2.4284717294363225,0.0,-1.4341383352382344
538,1.9005046328461372,0.0,0.6860731047395384
539,2.0656792773960015,1.0,0.6289892901820864
540,0.878634601069043,0.0,0.44387869583117373
541,-1.3628030652734011,0.0,-0.08467163080073152
542,-1.2675346043817912,0.0,-1.299536759955099
543,2.1165478677929306,1.0,0.11122739490033962
544,-1.134544084994542,0.0,-0.827597964082025
545,1.0432022961310927,1.0,-1.9814781222834545
546,0.15353201556554819,1.0,-2.908330919108949
547,3.2466004361141625,1.0,0.20849372416428807
548,0.7346312671108357,0.0,-1.8631123624637875
549,-0.2691372127043987,0.0,-0.6055148691140001
550,1.5420750503266736,0.0,1.4316016323496625
551,-0.009290535554584922,1.0,-1.2537901447989235
552,1.2800214395307599,1.0,-1.1871440356675187
553,0.08304607674354994,0.0,0.17982372204160502
554,3.70047966985832,1.0,0.8277932989048395
555,2.4348684200052797,1.0,-0.21119315476338327
556,0.464765774331262,0.0,0.2831479720944298
557,0.5633311838462092,0.0,-0.06278540001569352
558,-2.5873580874978233,0.0,-1.3838923549212423
559,1.846437723857885,0.0,0.43066224729384106
560,0.7493884208530008,0.0,0.13675693497876662
561,2.7547762885509877,1.0,1.3351861688526874
562,2.6428164117768675,1.0,-1.1537125710237275
563,0.9208121334572839,0.0,-0.4913579272577566
564,1.5199987133459372,0.0,0.10195368344621974
565,0.6573808130037089,0.0,1.662472006122469
566,0.209133858347601,0.0,-1.9771782433216767
567,2.9481213456343203,1.0,1.11212729425381
568,1.1092771878615675,1.0,0.02528094501877815
569,1.1669127944634243,1.0,0.07358386565456765
570,0.9154967673255541,0.0,1.402801436120656
571,-0.3800053482132134,0.0,-0.951555572516996
572,4.369758822821145,1.0,1.6725701996518898
573,2.1746977398860428,1.0,0.47970730563307584
574,4.079835108959872,1.0,2.4213247567224325
575,2.1268040876969345,1.0,0.43189903933070833
576,2.58744839252402,1.0,-0.573528621417184
577,0.7594128176620725,1.0,-1.4013809607107204
578,-0.27428013571110743,0.0,-1.6503502098028746
579,0.4844621833311069,1.0,-0.8385561224735498
580,1.1144432250337613,0.0,1.6209100150422553
581,1.258943443063818,0.0,1.1297766164338061
582,1.8252629644431515,1.0,0.20849758736971422
583,-1.1059326653670642,0.0,-2.229079803088831
584,2.6045740273346323,0.0,3.7061901065738745
585,1.08305778120864,1.0,1.111312609830028
586,0.5991895523947939,0.0,-1.4972792309783967
587,-0.9168994577535268,0.0,-0.09050144690414394
588,-1.79993062030109,0.0,-1.0052363432238058
589,2.397805236703208,1.0,0.22950035069074687
590,3.7823716398914655,1.0,2.717994262883104
591,2.6697015367628736,1.0,0.19460889417325444
592,2.593492537507862,0.0,1.250008447961353
593,0.8071610825333095,1.0,-2.2804114951583285
594,2.7918120930824246,1.0,0.43497326091602584
595,0.36008707000290197,1.0,-0.7743463141899015
596,1.308011335720276,1.0,0.1731027802888249
597,0.1255582588011237,0.0,-1.668524418075921
598,-0.9491509825879104,0.0,-0.9802340642921635
599,2.2552645446538406,1.0,0.22581605160310336
600,-0.4145981798529018,0.0,-0.11716034693305694
601,0.10273791492441095,0.0,-0.25075024990442873
602,-0.6707393557769067,0.0,1.1363215685528985
603,1.7441796505161151,1.0,0.32987348167565517
604,-2.1967788280107534,0.0,-0.7213841197208815
605,1.2993736945634253,1.0,-1.202216154867168
606,3.59722019596288,1.0,-0.23442946393905406
607,0.9227257396074507,0.0,0.287134527413758
608,2.271589716993573,1.0,0.7588009504743011
609,1.083169251770943,1.0,0.43911614073353983
610,0.08357233024759338,0.0,-0.03438762028265164
611,-1.4018065316413426,0.0,-1.8218942662555273
612,-0.8497029324229142,0.0,0.21944058325263222
613,3.1168785781741537,1.0,0.035466735587468975
614,2.6281642959541056,1.0,-0.4299194389331981
615,0.4226046876285385,0.0,0.41686935920867274
616,0.28649726921825047,1.0,-1.5387749279474832
617,-1.654460125130542,0.0,-1.4256402432347222
618,2.799675867533408,1.0,0.273032821345687
619,0.6679214448693122,0.0,0.8055798774863622
620,2.3518414632480735,1.0,0.497290274394825
621,-0.6455556113957739,0.0,-2.2697725254348144
622,0.20255054528632555,0.0,0.9532309032020849
623,-3.754941236810941,0.0,-2.731598764817696
624,3.110379346302963,1.0,0.5869223583071033
625,1.7264557626554822,1.0,-0.18627571626687858
626,0.20004012680167332,0.0,-0.6860459504877768
627,-0.6395000665250173,0.0,-0.6740044115590703
628,0.7639457710607822,1.0,-0.003445504334673003
629,0.9617288337562655,1.0,-1.2283208813378161
630,2.9952313792810954,1.0,1.580871284059637
631,2.0343332631305704,0.0,0.4815649380255008
632,1.8555602323105864,1.0,0.32370251109608517
633,1.766078847089908,0.0,0.012719211882850445
634,3.907478790205041,1.0,1.347828310277062
635,1.6455012133371207,1.0,0.9802845985726075
636,-1.5830248778489,0.0,0.24735004999509083
637,2.5487617358967514,1.0,-0.20881902324897442
638,2.353833856213538,1.0,0.3748659818349848
639,2.388124073443442,1.0,0.25542722139228563
640,-0.45632003345726924,0.0,-0.9954133434534842
641,1.4461086599397908,0.0,-0.8514626325816236
642,2.212224368865586,0.0,1.6043122499157567
643,2.0509365569872995,0.0,2.9037978027951947
644,-1.8614426203190653,0.0,-2.2092242362067718
645,-0.3677402189349111,0.0,0.5778647189807335
646,1.4939113977320604,1.0,-0.24196975469502754
647,3.1158350205684746,1.0,1.1024040169065212
648,-0.04762837639296791,1.0,-1.5392369532343404
649,0.984005660767115,1.0,-1.0236245693439443
650,-0.526881183689939,0.0,0.01093800975364033
651,-0.5095269219828487,0.0,-3.1874249464382056
652,0.9152103228626385,1.0,-2.72854798013944
653,2.887681783479196,1.0,0.5331333447986512
654,-0.3712413897996021,0.0,-0.7593044232489904
655,-0.27322882333177356,0.0,-1.5877400654389873
656,1.9655865036502171,1.0,0.151416905472215
657,3.46572854436063,1.0,0.2276598190960327
658,0.43672486191949234,0.0,1.065662342471083
659,0.641274636875068,0.0,0.59791707512409
660,-1.752341436677997,0.0,-0.8321782544249475
661,-1.8578481005284115,0.0,-1.7380843822005128
662,1.305115765766675,0.0,0.4386434251677351
663,-1.5068101021157918,0.0,-1.6052367873901647
664,-1.7194854437166915,0.0,-1.2255887216429262
665,4.396000667872886,1.0,1.4517994309786697
666,0.47204544624460276,0.0,0.5354732529370938
667,-0.4191025986819832,0.0,-0.17789917354425816
668,0.012979674421091714,1.0,-0.8952674819473108
669,2.2387826221364624,0.0,1.5684121131976032
670,4.0769720079339935,1.0,0.37186325218379823
671,2.5790106523054597,0.0,3.11552616544678
672,1.1183056763123933,1.0,-0.9924394454188153
673,1.0693302384087071,1.0,-2.0089707518489712
674,0.6135345713411802,0.0,1.4745096534885282
675,-1.101482982351754,0.0,1.1779334694869983
676,1.301239785720529,1.0,0.31343430237204956
677,0.824229078349819,0.0,0.01392927243567564
678,0.9838917491283113,0.0,1.6714042512108331
679,-0.423750172215028,0.0,-0.322787301228343
680,2.864031835723071,0.0,1.884059834911714
681,2.282259908138294,1.0,1.4071535971298461
682,2.012936003081254,1.0,-1.3137538490012939
683,-1.0539565295103421,0.0,-0.7286698233410057
684,3.2420786307174145,1.0,0.2823147592688064
685,-0.605271063265089,0.0,-1.5031093491065517
686,0.5118288015247002,1.0,-1.4818091653468302
687,0.28752901942821746,0.0,0.6021497089343157
688,0.2754957511150298,0.0,-1.9243827140639098
689,0.5255692033774343,0.0,-0.07678437947364614
690,1.5527458914599512,1.0,-0.3306001102806655
691,-0.26497127488994554,0.0,-0.49755364251465667
692,-0.428268858344121,0.0,-1.8071584353995378
693,-0.7428427009789269,0.0,-0.3571067473810048
694,2.0889428849425284,1.0,-0.44928820671286357
695,-0.2246777618062316,0.0,0.7698697898414911
696,0.35622864909283153,0.0,0.05459681401344542
697,2.6774963705540675,1.0,-0.138830491436921
698,0.939464002762808,0.0,-0.18772340009276095
699,4.202600801253595,1.0,3.0888618082937294
700,0.4464997366241601,1.0,0.12355440558927995
701,0.4187095717024712,0.0,-0.7941343136785757
702,2.3371896857775982,1.0,-0.1407275488276874
703,0.34992444397863937,0.0,0.7462982195286529
704,0.8800153908756323,0.0,-0.10647291441439577
705,-0.27507849029341624,0.0,-0.2758871262646401
706,1.806308717439119,0.0,0.20293627036783035
707,1.0254162990944133,1.0,-3.3610311620490494
708,1.227890928768916,1.0,-2.4610800035774507
709,-0.6146326525844847,1.0,-2.3323149549936244
710,0.44916765748261234,0.0,-1.6147870139427092
711,-0.6104836422473975,0.0,-1.5763188340518501
712,2.289583171045882,1.0,0.5003577921432258
713,3.7128777513707676,1.0,1.0953240959099446
714,2.0584529375569467,1.0,0.025945465083246827
715,0.290298337799444,0.0,1.201287994429899
716,1.6614892823510379,1.0,0.8274932715467991
717,2.870158140325612,1.0,-0.6344626795249416
718,-1.2933572636602317,0.0,0.6122435046840238
719,0.510479977255625,1.0,-0.7760301766165386
720,2.162268514185879,1.0,-0.4262986073198002
721,1.518304499902293,0.0,0.8758065429220406
722,2.8565772362969533,1.0,-0.10980151879836235
723,-1.739380487687069,0.0,-0.8166006583737629
724,2.6897143708446754,1.0,0.25059718031761985
725,-0.6527878587195375,0.0,0.2647120377069648
726,0.8615204043787952,0.0,0.9454254896180176
727,-0.0005945118763299728,0.0,2.5163706476110015
728,-2.907843149481463,0.0,-0.6453274036710167
729,2.5100948294390015,1.0,-0.21376617354964267
730,-0.3675119483446904,0.0,-0.2023962281886422
731,-0.9213565135837137,0.0,-0.6313109955299401
732,-0.59627373415363,0.0,-2.1064886767541933
733,0.12551783031485741,0.0,-1.9432910358925
734,2.3019918844162803,1.0,-0.9647868433618154
735,3.4018052584331957,1.0,1.156987388230003
736,0.06922190273379247,0.0,1.0839473889151523
737,2.144508774483123,1.0,1.2501734230596022
738,0.13741614317070416,1.0,-0.7200448817681955
739,0.8847365833082056,0.0,2.4022550098902067
740,-1.1706685287656586,0.0,-1.157953566392914
741,3.7182189479036047,1.0,1.8835514478514255
742,0.6251157436213022,0.0,0.42335484809358054
743,-0.3472159991612377,0.0,-0.8820752086867362
744,-0.13496872872638654,1.0,-1.810411618435557
745,1.42614455241308,1.0,-0.6715602597209296
746,1.2292357365512445,0.0,-0.182606833845492
747,0.7933453691459558,0.0,-0.14372887888021096
748,2.4796896142665936,1.0,1.4548429422526268
749,1.2525059885210688,1.0,-1.6108240504678166
750,2.5520674885825465,0.0,1.3080488990559025
751,-2.2141565031414734,0.0,-1.208736160652918
752,0.20154557187170077,0.0,-0.33065541972755524
753,2.1296896910524534,1.0,-0.7752023837207056
754,0.1964574819976569,1.0,-1.746739031432703
755,1.2514293729614514,1.0,-0.3066025572086361
756,2.272135316273068,0.0,2.4441553622266103
757,1.8888091122845625,1.0,-2.239223517823105
758,0.4608955847255082,0.0,-0.049798865234175385
759,3.405660423677945,1.0,2.3775032840647827
760,-0.6079643311151706,0.0,-0.2621429611769577
761,2.344592172596106,1.0,0.25935037889582246
762,-0.8000785429321514,0.0,-0.17798121340067932
763,-0.0824702538003188,1.0,-0.2369654017176023
764,-1.1568045986888411,0.0,0.5642612871686313
765,1.612850257369416,0.0,2.3690367632956226
766,4.961242652086955,1.0,0.7711244576621128
767,2.409057535829802,0.0,0.17992959522084293
768,-0.4070610576147633,1.0,-0.9711294350072555
769,3.820016952108163,1.0,0.7207378070407969
770,-2.2241972257981732,0.0,-2.275307150283219
771,1.4775871066659707,1.0,0.24656168459664607
772,0.10225404046340558,0.0,1.5260885775615625
773,0.7035181801498351,1.0,-0.5613391394268905
774,1.0541632881705771,1.0,0.14870026895643387
775,-0.0716537935389252,0.0,1.329584131386461
776,2.7483660980686433,1.0,1.6933012973872936
777,2.5064575094426957,1.0,0.8759559052986735
778,-0.3694166165707657,0.0,-0.10855124694868129
779,1.2450840281750362,1.0,0.0362697781513642
780,-0.32104566178273675,0.0,1.6130039908754548
781,0.20157961843797356,0.0,1.5396061080354646
782,0.8608197649498068,0.0,-1.0859555504904495
783,-0.5916163022452012,1.0,-2.878085879919425
784,1.9630575604378306,1.0,-0.5263376317722664
785,0.08280332439674054,0.0,1.1489119699328119
786,1.3567443115736355,1.0,-0.6542000448351619
787,1.0013045268234462,0.0,1.9804262991965365
788,1.2324707816673162,1.0,0.5140816723477035
789,1.456693307929713,0.0,0.605929496896827
790,0.8901010351103986,1.0,0.29722148074279414
791,0.4839341426704919,0.0,0.6525699007169854
792,1.389988906593462,0.0,1.2925204169185398
793,-0.4695171192402488,0.0,0.733221883148742
794,-0.43479468739040933,0.0,0.765232855407096
795,2.984976149738583,1.0,1.9896454955706642
796,3.529717775293077,1.0,2.523274167242971
797,4.271725106038878,1.0,2.1212249242566097
798,1.5969114663603738,0.0,1.2362408381722039
799,1.6925336776694317,0.0,0.7891793459743789
800,0.644012568438484,0.0,-1.428886438306335
801,0.18286899655488512,0.0,0.1301758125136617
802,0.37469133984617886,0.0,1.4704560582359107
803,0.8138116702977772,0.0,2.1843657997547177
804,3.324284943843753,1.0,-0.645040251993036
805,0.6244101795430268,0.0,1.7854129399970395
806,0.6410719990987206,1.0,1.0254678600659468
807,3.5629597887266002,1.0,3.660075206454725
808,4.306295010890011,1.0,3.6245020079559604
809,2.6873490857888482,1.0,-0.7863863979761461
810,-0.3480552799204536,0.0,0.3067057267292972
811,2.597217493320111,1.0,1.7184330214980579
812,0.5522807253683333,1.0,0.09368724567526748
813,3.859557261307207,1.0,2.2650006018337514
814,0.4856240957363913,1.0,-0.5402492267461773
815,1.5913963809383462,1.0,-1.3369695408761528
816,1.18985950982984,0.0,-0.34030894448175814
817,-0.30762786255094887,0.0,1.0007086025558927
818,1.2153032607652774,0.0,2.3217478845282202
819,1.0410024144106735,0.0,0.723409598919755
820,0.32336951852419177,0.0,0.9368126494389888
821,4.340871847081574,1.0,2.1607490380904264
822,2.9544965058638453,1.0,0.9923685916119828
823,0.5371823150893729,0.0,-1.3551857300386743
824,4.661780517318873,1.0,0.45147701989029737
825,3.124618979131878,1.0,0.6056820808010542
826,1.9808558822398963,1.0,-1.4463879668779462
827,-1.05217046197091,1.0,-3.0553544815656193
828,2.5719860835179613,1.0,-0.1189801544987398
829,0.8891327859000356,0.0,1.5423361827998052
830,2.646085977326808,1.0,0.1052051910795614
831,0.24306448576214934,0.0,-1.3449890264461628
832,-1.7791999940113015,0.0,-1.4355219973147173
833,2.8056898950511595,1.0,1.8445450613746865
834,1.121633953021433,1.0,0.4179062900769682
835,0.3268323992722779,0.0,-1.5401437919984349
836,2.0691147820172113,1.0,-0.226033373487959
837,-1.3177882138390875,0.0,-0.08377762190509185
838,2.7032614170756117,1.0,0.6976414223376447
839,1.5606176876598292,1.0,1.1281431156401671
840,-0.341243302766178,0.0,0.9611559243402501
841,-1.0805001077605247,0.0,-0.9337903821804143
842,1.1253247370396808,0.0,-0.12022068373258146
843,-1.3145604476898236,0.0,0.07676433082092372
844,3.33616092751578,1.0,0.006753753757016199
845,2.0566204445924217,1.0,-1.3522412829467345
846,3.28034421263295,1.0,-0.2690397374299515
847,2.5646538645880903,1.0,-0.4402237226351311
848,-1.885620538258066,0.0,-1.6839017228396682
849,-1.1960215565271737,0.0,-1.1121459480224845
850,-0.25824625055500605,1.0,-1.1453376788807812
851,1.533354009073756,1.0,-0.02073188953830692
852,3.477219452850697,1.0,2.4217388935293234
853,-0.2886293123532966,1.0,-2.6680276923214103
854,3.082976906438669,1.0,3.2404428800261984
855,1.7409857886049345,1.0,-0.08274397396868038
856,2.2716879018618745,1.0,-0.15047187193196165
857,-0.7943299330401296,0.0,-1.7228541272075772
858,0.8543152328378172,1.0,-0.7335350694590843
859,2.60437674837038,1.0,2.3282966625994126
860,1.6925290639182917,1.0,-0.5719427890475943
861,2.948221333881519,1.0,0.6220661417100539
862,3.903366639079322,1.0,1.1241686874741101
863,-1.4614523115758713,0.0,0.6358648901880921
864,3.2486641048372267,1.0,0.5711411293580213
865,4.912995865272434,1.0,1.3338603746070972
866,4.095998024919513,1.0,2.276404557605633
867,1.5987931351591784,1.0,0.07613539419590055
868,2.3777474929582003,0.0,1.9475152809880143
869,1.381970906172592,1.0,1.1766309003623754
870,0.4212832715001329,0.0,2.482599703047201
871,-2.529457869100914,0.0,-1.382152889504183
872,-1.4123834589189954,0.0,0.9269032272293469
873,0.8913722745594979,1.0,-0.683549802090945
874,0.7827377211628814,0.0,1.3862235687647937
875,3.1720041499826284,1.0,0.19525302907703765
876,0.0793387897864386,0.0,0.9037124975296321
877,1.8234696268670965,1.0,-1.395186791656061
878,1.2098498458677405,1.0,0.37958641743424987
879,-0.3682603759158316,0.0,0.9239631686537183
880,2.3377651061602935,1.0,2.782667884413134
881,-0.5253440824896345,0.0,2.018261213797368
882,1.2028633245202494,1.0,-1.1781705470137296
883,-2.20918343230579,0.0,-0.18075992425323925
884,0.8630094942291289,0.0,0.5860624129232315
885,1.9491510238553484,1.0,-1.5271176890233278
886,1.393288797912644,1.0,0.3897938575201602
887,3.323232190344809,1.0,1.541700673489976
888,2.288889831569511,1.0,-0.2531788803916281
889,-2.43235354605441,0.0,-1.9938841940489376
890,1.3914109529359295,1.0,1.2690487666367103
891,2.5473052901768773,1.0,0.9912421378297098
892,2.104491015794314,1.0,1.5523767475611674
893,-0.3294699382173987,1.0,-0.5291543126814269
894,1.6494641430112924,0.0,0.8686819113248613
895,3.349720419994856,1.0,1.6207003912305629
896,2.08096226353406,1.0,-1.1989290308384883
897,-0.22576938130314878,0.0,-0.048629238241981745
898,0.3390230513462843,1.0,-1.8776156132922512
899,2.4996749345102045,1.0,1.9446018202678164
900,0.26685208459158005,0.0,0.4204835804809973
901,-0.03934192699740158,1.0,-0.19224553240159206
902,1.0086659226818218,1.0,-1.3779334230952582
903,0.21287121334447717,0.0,0.6633325702500127
904,0.7218241481776624,1.0,-1.5023664295823729
905,0.9554147939736735,0.0,0.017457507706077246
906,4.429658553907883,1.0,1.170360160304288
907,-1.0092430258688352,1.0,-2.2243409798868634
908,-2.1337930700985215,0.0,-2.1540153791078325
909,2.4068929076270695,1.0,-1.33712872828078
910,3.824568669215934,1.0,0.9575528284845729
911,1.1344180035750615,1.0,-1.1684809070188966
912,1.1026104094648537,1.0,-1.5446813541197726
913,-0.8350349709228837,0.0,-0.04379005232246938
914,1.794442278402025,0.0,2.4189934296247917
915,-0.36756413545825994,0.0,-1.4743037705817514
916,0.679192120624727,1.0,-1.6696138545801247
917,-0.5379391266445205,0.0,1.3504180086558706
918,3.6983539174407034,1.0,0.7360886932264789
919,1.4143108982342651,0.0,0.979584710862546
920,1.0865989914951073,1.0,-3.4383138062413736
921,-0.9443796148969839,0.0,-0.49086943051353316
922,2.302718178625059,1.0,0.44121870177812905
923,-1.1412224598372616,0.0,-1.0463345608737122
924,2.4388277726589225,0.0,2.8669245371228786
925,2.7889108326106005,1.0,0.21979523579296728
926,-0.6791825130456639,0.0,-1.100772021276827
927,0.03134092162692337,0.0,-0.45699136856951295
928,-0.5875312839619435,0.0,-0.6053137607679427
929,-2.1234302765437003,0.0,0.8011915406163223
930,3.768881799011079,1.0,0.9352433305421732
931,-0.6075431164173277,1.0,-0.24456746175502508
932,2.944163321037547,1.0,2.0757502000020516
933,2.4521884684857875,1.0,-0.26765970484221757
934,3.9598964852665697,1.0,1.3333429421763778
935,1.793084850638278,1.0,0.9184341564049028
936,0.10258581963453528,0.0,-0.006857930547284797
937,-1.8127806569781575,0.0,-0.8450391478074889
938,2.4916824058901543,1.0,-1.463173728240643
939,2.7156329901010454,1.0,-0.6345957191444064
940,2.899576057068532,1.0,1.5537334543295793
941,2.92978049865524,1.0,2.279036334945955
942,1.1931622321004887,1.0,0.7082447821714895
943,-1.389689116433177,0.0,-1.1518089588971139
944,-3.117610082248277,0.0,-0.9530036355158753
945,2.7020389301411507,1.0,0.5034149471692899
946,0.15393142055802933,0.0,-1.3613976979919769
947,-0.16404930296045217,0.0,-0.9268434829924934
948,1.1178337434283554,0.0,0.9867060320475147
949,2.2683435174497024,1.0,0.13806872606682952
950,3.3703073805226134,1.0,0.41128484926722614
951,0.06748639484065722,0.0,1.1082973374618945
952,3.4687633129781847,1.0,0.2803985157323102
953,1.1577410859436446,1.0,1.5114987579328631
954,0.05853205609760226,0.0,-0.2731121710486416
955,4.101765547994131,1.0,2.5223419922403894
956,1.1652371863026185,1.0,-0.2589995912047804
957,3.4234829515952825,1.0,0.769324767929439
958,0.995665557698473,1.0,-0.5739429670487757
959,2.082226182960851,0.0,3.6473294766126525
960,-2.938330437231211,0.0,-1.6914760413489003
961,1.110334787809586,1.0,-0.17520500600184774
962,1.0747457570355432,0.0,0.9319219588129466
963,2.3529090228270997,1.0,1.5500662868707074
964,-1.0516998368064563,0.0,1.5802595835445572
965,2.6485226880014108,1.0,0.8023350382738488
966,0.33651833884496746,0.0,0.032967302040384866
967,-0.4256550708505856,0.0,0.6109668730589781
968,0.9666269016840793,1.0,-0.9652083783945149
969,3.6249236476242435,1.0,1.64226511745417
970,0.5351490957924432,1.0,-0.5381350782899357
971,1.1459755526920545,1.0,-1.5056976222944414
972,-0.44186096139454983,0.0,0.7920205122555088
973,0.7136827710850793,0.0,0.466735676313398
974,0.13440012897276188,1.0,0.08102480152552118
975,-1.0039168386219917,0.0,-0.3339555527238794
976,-1.9691752740711932,0.0,-2.3886155408565912
977,-3.146643368936103,0.0,-2.5799201891046035
978,0.658060124982968,0.0,-0.5763355602995559
979,0.6280978801314863,1.0,-0.8263707325479068
980,3.8110214028026173,1.0,2.530862391580978
981,0.8073221558642829,0.0,-0.380978146593823
982,-0.5999786113500938,0.0,-1.7822337404062787
983,2.0997720653397414,1.0,1.3951310375792452
984,1.4406153610090793,1.0,-2.2522475948420837
985,2.5436799271614094,1.0,0.8032376086455377
986,-0.4847890444827833,0.0,0.3738484254973348
987,-0.14095750422235986,0.0,-0.5116929409873755
988,2.048987877208391,1.0,0.34843233464333656
989,-2.2986948940532095,0.0,-3.9365479344609113
990,-1.5457393918874658,0.0,-3.068062590919017
991,1.9749630113384962,0.0,1.6271073753485135
992,1.9312592588985562,1.0,0.012884927022796233
993,-0.75868202579388,0.0,-1.197973602629844
994,1.349047146615057,1.0,-0.8192441616398459
995,1.7550751811573828,1.0,-0.5054750611233858
996,3.697733751869735,1.0,0.9527701972727768
997,0.20364141205220498,1.0,-3.1941058385717214
998,-1.4301599805439573,0.0,-0.7408107869669078
999,1.4456256096724929,1.0,-0.04864337300064552
